0.006
0.012
0.018
0.024
0.031
0.037
0.043
0.049
0.055
0.061
0.067
0.073
0.079
0.085
0.092
0.098
0.104
0.11
0.116
0.122
0.128
0.134
0.14
0.146
0.153
0.159
0.165
0.171
0.177
0.183
0.189
0.195
0.201
0.208
0.214
0.22
0.226
0.232
0.238
0.244
0.25
0.256
0.262
0.269
0.275
0.281
0.287
0.293
0.299
0.305
0.311
0.317
0.323
0.33
0.336
0.342
0.348
0.354
0.36
0.366
0.372
0.378
0.385
0.391
0.397
0.403
0.409
0.415
0.421
0.427
0.433
0.439
0.446
0.452
0.458
0.464
0.47
0.476
0.482
0.488
0.494
0.5
0.507
0.513
0.519
0.525
0.531
0.537
0.543
0.549
0.555
0.562
0.568
0.574
0.58
0.586
0.592
0.598
0.604
0.61
0.616
0.623
0.629
0.635
0.641
0.647
0.653
0.659
0.665
0.671
0.677
0.684
0.69
0.696
0.702
0.708
0.714
0.72
0.726
0.732
0.739
0.745
0.751
0.757
0.763
0.769
0.775
0.781
0.787
0.793
0.8
0.806
0.812
0.818
0.824
0.83
0.836
0.842
0.848
0.854
0.861
0.867
0.873
0.879
0.885
0.891
0.897
0.903
0.909
0.916
0.922
0.928
0.934
0.94
0.946
0.952
0.958
0.964
0.97
0.977
0.983
0.989
0.995
1.001
1.007
1.013
1.019
1.025
1.031
1.038
1.044
1.05
1.056
1.062
1.068
1.074
1.08
1.086
1.093
1.099
1.105
1.111
1.117
1.123
1.129
1.135
1.141
1.147
1.154
1.16
1.166
1.172
1.178
1.184
1.19
1.196
1.202
1.208
1.215
1.221
1.227
1.233
1.239
1.245
1.251
1.257
1.263
1.27
1.276
1.282
1.288
1.294
1.3
1.306
1.312
1.318
1.324
1.331
1.337
1.343
1.349
1.355
1.361
1.367
1.373
1.379
1.385
1.392
1.398
1.404
1.41
1.416
1.422
1.428
1.434
1.44
1.447
1.453
1.459
1.465
1.471
1.477
1.483
1.489
1.495
1.501
1.508
1.514
1.52
1.526
1.532
1.538
1.544
1.55
1.556
1.563
1.569
1.575
1.581
1.587
1.593
1.599
1.605
1.611
1.617
1.624
1.63
1.636
1.642
1.648
1.654
1.66
1.666
1.672
1.678
1.685
1.691
1.697
1.703
1.709
1.715
1.721
1.727
1.733
1.74
1.746
1.752
1.758
1.764
1.77
1.776
1.782
1.788
1.794
1.801
1.807
1.813
1.819
1.825
1.831
1.837
1.843
1.849
1.855
1.862
1.868
1.874
1.88
1.886
1.892
1.898
1.904
1.91
1.917
1.923
1.929
1.935
1.941
1.947
1.953
1.959
1.965
1.971
1.978
1.984
1.99
1.996
2.002
2.008
2.014
2.02
2.026
2.032
2.039
2.045
2.051
2.057
2.063
2.069
2.075
2.081
2.087
2.094
2.1
2.106
2.112
2.118
2.124
2.13
2.136
2.142
2.148
2.155
2.161
2.167
2.173
2.179
2.185
2.191
2.197
2.203
2.209
2.216
2.222
2.228
2.234
2.24
2.246
2.252
2.258
2.264
2.271
2.277
2.283
2.289
2.295
2.301
2.307
2.313
2.319
2.325
2.332
2.338
2.344
2.35
2.356
2.362
2.368
2.374
2.38
2.386
2.393
2.399
2.405
2.411
2.417
2.423
2.429
2.435
2.441
2.448
2.454
2.46
2.466
2.472
2.478
2.484
2.49
2.496
2.502
2.509
2.515
2.521
2.527
2.533
2.539
2.545
2.551
2.557
2.563
2.57
2.576
2.582
2.588
2.594
2.6
2.606
2.612
2.618
2.625
2.631
2.637
2.643
2.649
2.655
2.661
2.667
2.673
2.679
2.686
2.692
2.698
2.704
2.71
2.716
2.722
2.728
2.734
2.74
2.747
2.753
2.759
2.765
2.771
2.777
2.783
2.789
2.795
2.802
2.808
2.814
2.82
2.826
2.832
2.838
2.844
2.85
2.856
2.863
2.869
2.875
2.881
2.887
2.893
2.899
2.905
2.911
2.917
2.924
2.93
2.936
2.942
2.948
2.954
2.96
2.966
2.972
2.979
2.985
2.991
2.997
3.003
3.009
3.015
3.021
3.027
3.033
3.04
3.046
3.052
3.058
3.064
3.07
3.076
3.082
3.088
3.094
3.101
3.107
3.113
3.119
3.125
3.131
3.137
3.143
3.149
3.156
3.162
3.168
3.174
3.18
3.186
3.192
3.198
3.204
3.21
3.217
3.223
3.229
3.235
3.241
3.247
3.253
3.259
3.265
3.271
3.278
3.284
3.29
3.296
3.302
3.308
3.314
3.32
3.326
3.333
3.339
3.345
3.351
3.357
3.363
3.369
3.375
3.381
3.387
3.394
3.4
3.406
3.412
3.418
3.424
3.43
3.436
3.442
3.448
3.455
3.461
3.467
3.473
3.479
3.485
3.491
3.497
3.503
3.51
3.516
3.522
3.528
3.534
3.54
3.546
3.552
3.558
3.564
3.571
3.577
3.583
3.589
3.595
3.601
3.607
3.613
3.619
3.625
3.632
3.638
3.644
3.65
3.656
3.662
3.668
3.674
3.68
3.687
3.693
3.699
3.705
3.711
3.717
3.723
3.729
3.735
3.741
3.748
3.754
3.76
3.766
3.772
3.778
3.784
3.79
3.796
3.802
3.809
3.815
3.821
3.827
3.833
3.839
3.845
3.851
3.857
3.864
3.87
3.876
3.882
3.888
3.894
3.9
3.906
3.912
3.918
3.925
3.931
3.937
3.943
3.949
3.955
3.961
3.967
3.973
3.979
3.986
3.992
3.998
4.004
4.01
4.016
4.022
4.028
4.034
4.041
4.047
4.053
4.059
4.065
4.071
4.077
4.083
4.089
4.095
4.102
4.108
4.114
4.12
4.126
4.132
4.138
4.144
4.15
4.156
4.163
4.169
4.175
4.181
4.187
4.193
4.199
4.205
4.211
4.218
4.224
4.23
4.236
4.242
4.248
4.254
4.26
4.266
4.272
4.279
4.285
4.291
4.297
4.303
4.309
4.315
4.321
4.327
4.333
4.34
4.346
4.352
4.358
4.364
4.37
4.376
4.382
4.388
4.395
4.401
4.407
4.413
4.419
4.425
4.431
4.437
4.443
4.449
4.456
4.462
4.468
4.474
4.48
4.486
4.492
4.498
4.504
4.51
4.517
4.523
4.529
4.535
4.541
4.547
4.553
4.559
4.565
4.572
4.578
4.584
4.59
4.596
4.602
4.608
4.614
4.62
4.626
4.633
4.639
4.645
4.651
4.657
4.663
4.669
4.675
4.681
4.688
4.694
4.7
4.706
4.712
4.718
4.724
4.73
4.736
4.742
4.749
4.755
4.761
4.767
4.773
4.779
4.785
4.791
4.797
4.803
4.81
4.816
4.822
4.828
4.834
4.84
4.846
4.852
4.858
4.865
4.871
4.877
4.883
4.889
4.895
4.901
4.907
4.913
4.919
4.926
4.932
4.938
4.944
4.95
4.956
4.962
4.968
4.974
4.98
4.987
4.993
4.999
5.005
5.011
5.017
5.023
5.029
5.035
5.042
5.048
5.054
5.06
5.066
5.072
5.078
5.084
5.09
5.096
5.103
5.109
5.115
5.121
5.127
5.133
5.139
5.145
5.151
5.157
5.164
5.17
5.176
5.182
5.188
5.194
5.2
5.206
5.212
5.219
5.225
5.231
5.237
5.243
5.249
5.255
5.261
5.267
5.273
5.28
5.286
5.292
5.298
5.304
5.31
5.316
5.322
5.328
5.334
5.341
5.347
5.353
5.359
5.365
5.371
5.377
5.383
5.389
5.396
5.402
5.408
5.414
5.42
5.426
5.432
5.438
5.444
5.45
5.457
5.463
5.469
5.475
5.481
5.487
5.493
5.499
5.505
5.511
5.518
5.524
5.53
5.536
5.542
5.548
5.554
5.56
5.566
5.573
5.579
5.585
5.591
5.597
5.603
5.609
5.615
5.621
5.627
5.634
5.64
5.646
5.652
5.658
5.664
5.67
5.676
5.682
5.688
5.695
5.701
5.707
5.713
5.719
5.725
5.731
5.737
5.743
5.75
5.756
5.762
5.768
5.774
5.78
5.786
5.792
5.798
5.804
5.811
5.817
5.823
5.829
5.835
5.841
5.847
5.853
5.859
5.865
5.872
5.878
5.884
5.89
5.896
5.902
5.908
5.914
5.92
5.927
5.933
5.939
5.945
5.951
5.957
5.963
5.969
5.975
5.981
5.988
5.994
6
6.006
6.012
6.018
6.024
6.03
6.036
6.042
6.049
6.055
6.061
6.067
6.073
6.079
6.085
6.091
6.097
6.104
6.11
6.116
6.122
6.128
6.134
6.14
6.146
6.152
6.158
6.165
6.171
6.177
6.183
6.189
6.195
6.201
6.207
6.213
6.219
6.226
6.232
6.238
6.244
6.25
6.256
6.262
6.268
6.274
6.281
6.287
6.293
6.299
6.305
6.311
6.317
6.323
6.329
6.335
6.342
6.348
6.354
6.36
6.366
6.372
6.378
6.384
6.39
6.396
6.403
6.409
6.415
6.421
6.427
6.433
6.439
6.445
6.451
6.458
6.464
6.47
6.476
6.482
6.488
6.494
6.5
6.506
6.512
6.519
6.525
6.531
6.537
6.543
6.549
6.555
6.561
6.567
6.573
6.58
6.586
6.592
6.598
6.604
6.61
6.616
6.622
6.628
6.635
6.641
6.647
6.653
6.659
6.665
6.671
6.677
6.683
6.689
6.696
6.702
6.708
6.714
6.72
6.726
6.732
6.738
6.744
6.75
6.757
6.763
6.769
6.775
6.781
6.787
6.793
6.799
6.805
6.812
6.818
6.824
6.83
6.836
6.842
6.848
6.854
6.86
6.866
6.873
6.879
6.885
6.891
6.897
6.903
6.909
6.915
6.921
6.927
6.934
6.94
6.946
6.952
6.958
6.964
6.97
6.976
6.982
6.989
6.995
7.001
7.007
7.013
7.019
7.025
7.031
7.037
7.043
7.05
7.056
7.062
7.068
7.074
7.08
7.086
7.092
7.098
7.104
7.111
7.117
7.123
7.129
7.135
7.141
7.147
7.153
7.159
7.166
7.172
7.178
7.184
7.19
7.196
7.202
7.208
7.214
7.22
7.227
7.233
7.239
7.245
7.251
7.257
7.263
7.269
7.275
7.281
7.288
7.294
7.3
7.306
7.312
7.318
7.324
7.33
7.336
7.343
7.349
7.355
7.361
7.367
7.373
7.379
7.385
7.391
7.397
7.404
7.41
7.416
7.422
7.428
7.434
7.44
7.446
7.452
7.458
7.465
7.471
7.477
7.483
7.489
7.495
7.501
7.507
7.513
7.52
7.526
7.532
7.538
7.544
7.55
7.556
7.562
7.568
7.574
7.581
7.587
7.593
7.599
7.605
7.611
7.617
7.623
7.629
7.635
7.642
7.648
7.654
7.66
7.666
7.672
7.678
7.684
7.69
7.697
7.703
7.709
7.715
7.721
7.727
7.733
7.739
7.745
7.751
7.758
7.764
7.77
7.776
7.782
7.788
7.794
7.8
7.806
7.813
7.819
7.825
7.831
7.837
7.843
7.849
7.855
7.861
7.867
7.874
7.88
7.886
7.892
7.898
7.904
7.91
7.916
7.922
7.928
7.935
7.941
7.947
7.953
7.959
7.965
7.971
7.977
7.983
7.99
7.996
8.002
8.008
8.014
8.02
8.026
8.032
8.038
8.044
8.051
8.057
8.063
8.069
8.075
8.081
8.087
8.093
8.099
8.105
8.112
8.118
8.124
8.13
8.136
8.142
8.148
8.154
8.16
8.167
8.173
8.179
8.185
8.191
8.197
8.203
8.209
8.215
8.221
8.228
8.234
8.24
8.246
8.252
8.258
8.264
8.27
8.276
8.282
8.289
8.295
8.301
8.307
8.313
8.319
8.325
8.331
8.337
8.344
8.35
8.356
8.362
8.368
8.374
8.38
8.386
8.392
8.398
8.405
8.411
8.417
8.423
8.429
8.435
8.441
8.447
8.453
8.459
8.466
8.472
8.478
8.484
8.49
8.496
8.502
8.508
8.514
8.521
8.527
8.533
8.539
8.545
8.551
8.557
8.563
8.569
8.575
8.582
8.588
8.594
8.6
8.606
8.612
8.618
8.624
8.63
8.636
8.643
8.649
8.655
8.661
8.667
8.673
8.679
8.685
8.691
8.698
8.704
8.71
8.716
8.722
8.728
8.734
8.74
8.746
8.752
8.759
8.765
8.771
8.777
8.783
8.789
8.795
8.801
8.807
8.813
8.82
8.826
8.832
8.838
8.844
8.85
8.856
8.862
8.868
8.875
8.881
8.887
8.893
8.899
8.905
8.911
8.917
8.923
8.929
8.936
8.942
8.948
8.954
8.96
8.966
8.972
8.978
8.984
8.99
8.997
9.003
9.009
9.015
9.021
9.027
9.033
9.039
9.045
9.052
9.058
9.064
9.07
9.076
9.082
9.088
9.094
9.1
9.106
9.113
9.119
9.125
9.131
9.137
9.143
9.149
9.155
9.161
9.167
9.174
9.18
9.186
9.192
9.198
9.204
9.21
9.216
9.222
9.229
9.235
9.241
9.247
9.253
9.259
9.265
9.271
9.277
9.283
9.29
9.296
9.302
9.308
9.314
9.32
9.326
9.332
9.338
9.344
9.351
9.357
9.363
9.369
9.375
9.381
9.387
9.393
9.399
9.406
9.412
9.418
9.424
9.43
9.436
9.442
9.448
9.454
9.46
9.467
9.473
9.479
9.485
9.491
9.497
9.503
9.509
9.515
9.521
9.528
9.534
9.54
9.546
9.552
9.558
9.564
9.57
9.576
9.583
9.589
9.595
9.601
9.607
9.613
9.619
9.625
9.631
9.637
9.644
9.65
9.656
9.662
9.668
9.674
9.68
9.686
9.692
9.698
9.705
9.711
9.717
9.723
9.729
9.735
9.741
9.747
9.753
9.76
9.766
9.772
9.778
9.784
9.79
9.796
9.802
9.808
9.814
9.821
9.827
9.833
9.839
9.845
9.851
9.857
9.863
9.869
9.875
9.882
9.888
9.894
9.9
9.906
9.912
9.918
9.924
9.93
9.937
9.943
9.949
9.955
9.961
9.967
9.973
9.979
9.985
9.991
9.998
10.004
10.01
10.016
10.022
10.028
10.034
10.04
10.046
10.052
10.059
10.065
10.071
10.077
10.083
10.089
10.095
10.101
10.107
10.114
10.12
10.126
10.132
10.138
10.144
10.15
10.156
10.162
10.168
10.175
10.181
10.187
10.193
10.199
10.205
10.211
10.217
10.223
10.229
10.236
10.242
10.248
10.254
10.26
10.266
10.272
10.278
10.284
10.291
10.297
10.303
10.309
10.315
10.321
10.327
10.333
10.339
10.345
10.352
10.358
10.364
10.37
10.376
10.382
10.388
10.394
10.4
10.406
10.413
10.419
10.425
10.431
10.437
10.443
10.449
10.455
10.461
10.468
10.474
10.48
10.486
10.492
10.498
10.504
10.51
10.516
10.522
10.529
10.535
10.541
10.547
10.553
10.559
10.565
10.571
10.577
10.583
10.59
10.596
10.602
10.608
10.614
10.62
10.626
10.632
10.638
10.645
10.651
10.657
10.663
10.669
10.675
10.681
10.687
10.693
10.699
10.706
10.712
10.718
10.724
10.73
10.736
10.742
10.748
10.754
10.76
10.767
10.773
10.779
10.785
10.791
10.797
10.803
10.809
10.815
10.822
10.828
10.834
10.84
10.846
10.852
10.858
10.864
10.87
10.876
10.883
10.889
10.895
10.901
10.907
10.913
10.919
10.925
10.931
10.938
10.944
10.95
10.956
10.962
10.968
10.974
10.98
10.986
10.992
10.999
11.005
11.011
11.017
11.023
11.029
11.035
11.041
11.047
11.053
11.06
11.066
11.072
11.078
11.084
11.09
11.096
11.102
11.108
11.115
11.121
11.127
11.133
11.139
11.145
11.151
11.157
11.163
11.169
11.176
11.182
11.188
11.194
11.2
11.206
11.212
11.218
11.224
11.23
11.237
11.243
11.249
11.255
11.261
11.267
11.273
11.279
11.285
11.292
11.298
11.304
11.31
11.316
11.322
11.328
11.334
11.34
11.346
11.353
11.359
11.365
11.371
11.377
11.383
11.389
11.395
11.401
11.407
11.414
11.42
11.426
11.432
11.438
11.444
11.45
11.456
11.462
11.469
11.475
11.481
11.487
11.493
11.499
11.505
11.511
11.517
11.523
11.53
11.536
11.542
11.548
11.554
11.56
11.566
11.572
11.578
11.584
11.591
11.597
11.603
11.609
11.615
11.621
11.627
11.633
11.639
11.646
11.652
11.658
11.664
11.67
11.676
11.682
11.688
11.694
11.7
11.707
11.713
11.719
11.725
11.731
11.737
11.743
11.749
11.755
11.761
11.768
11.774
11.78
11.786
11.792
11.798
11.804
11.81
11.816
11.823
11.829
11.835
11.841
11.847
11.853
11.859
11.865
11.871
11.877
11.884
11.89
11.896
11.902
11.908
11.914
11.92
11.926
11.932
11.938
11.945
11.951
11.957
11.963
11.969
11.975
11.981
11.987
11.993
12
12.006
12.012
12.018
12.024
12.03
12.036
12.042
12.048
12.054
12.061
12.067
12.073
12.079
12.085
12.091
12.097
12.103
12.109
12.115
12.122
12.128
12.134
12.14
12.146
12.152
12.158
12.164
12.17
12.177
12.183
12.189
12.195
12.201
12.207
12.213
12.219
12.225
12.231
12.238
12.244
12.25
12.256
12.262
12.268
12.274
12.28
12.286
12.292
12.299
12.305
12.311
12.317
12.323
12.329
12.335
12.341
12.347
12.354
12.36
12.366
12.372
12.378
12.384
12.39
12.396
12.402
12.408
12.415
12.421
12.427
12.433
12.439
12.445
12.451
12.457
12.463
12.469
12.476
12.482
12.488
12.494
12.5
12.506
12.512
12.518
12.524
12.531
12.537
12.543
12.549
12.555
12.561
12.567
12.573
12.579
12.585
12.592
12.598
12.604
12.61
12.616
12.622
12.628
12.634
12.64
12.646
12.653
12.659
12.665
12.671
12.677
12.683
12.689
12.695
12.701
12.708
12.714
12.72
12.726
12.732
12.738
12.744
12.75
12.756
12.762
12.769
12.775
12.781
12.787
12.793
12.799
12.805
12.811
12.817
12.823
12.83
12.836
12.842
12.848
12.854
12.86
12.866
12.872
12.878
12.885
12.891
12.897
12.903
12.909
12.915
12.921
12.927
12.933
12.939
12.946
12.952
12.958
12.964
12.97
12.976
12.982
12.988
12.994
13
13.007
13.013
13.019
13.025
13.031
13.037
13.043
13.049
13.055
13.062
13.068
13.074
13.08
13.086
13.092
13.098
13.104
13.11
13.116
13.123
13.129
13.135
13.141
13.147
13.153
13.159
13.165
13.171
13.177
13.184
13.19
13.196
13.202
13.208
13.214
13.22
13.226
13.232
13.239
13.245
13.251
13.257
13.263
13.269
13.275
13.281
13.287
13.293
13.3
13.306
13.312
13.318
13.324
13.33
13.336
13.342
13.348
13.354
13.361
13.367
13.373
13.379
13.385
13.391
13.397
13.403
13.409
13.416
13.422
13.428
13.434
13.44
13.446
13.452
13.458
13.464
13.47
13.477
13.483
13.489
13.495
13.501
13.507
13.513
13.519
13.525
13.531
13.538
13.544
13.55
13.556
13.562
13.568
13.574
13.58
13.586
13.593
13.599
13.605
13.611
13.617
13.623
13.629
13.635
13.641
13.647
13.654
13.66
13.666
13.672
13.678
13.684
13.69
13.696
13.702
13.708
13.715
13.721
13.727
13.733
13.739
13.745
13.751
13.757
13.763
13.77
13.776
13.782
13.788
13.794
13.8
13.806
13.812
13.818
13.824
13.831
13.837
13.843
13.849
13.855
13.861
13.867
13.873
13.879
13.885
13.892
13.898
13.904
13.91
13.916
13.922
13.928
13.934
13.94
13.947
13.953
13.959
13.965
13.971
13.977
13.983
13.989
13.995
14.001
14.008
14.014
14.02
14.026
14.032
14.038
14.044
14.05
14.056
14.063
14.069
14.075
14.081
14.087
14.093
14.099
14.105
14.111
14.117
14.124
14.13
14.136
14.142
14.148
14.154
14.16
14.166
14.172
14.178
14.185
14.191
14.197
14.203
14.209
14.215
14.221
14.227
14.233
14.24
14.246
14.252
14.258
14.264
14.27
14.276
14.282
14.288
14.294
14.301
14.307
14.313
14.319
14.325
14.331
14.337
14.343
14.349
14.355
14.362
14.368
14.374
14.38
14.386
14.392
14.398
14.404
14.41
14.417
14.423
14.429
14.435
14.441
14.447
14.453
14.459
14.465
14.471
14.478
14.484
14.49
14.496
14.502
14.508
14.514
14.52
14.526
14.532
14.539
14.545
14.551
14.557
14.563
14.569
14.575
14.581
14.587
14.594
14.6
14.606
14.612
14.618
14.624
14.63
14.636
14.642
14.648
14.655
14.661
14.667
14.673
14.679
14.685
14.691
14.697
14.703
14.709
14.716
14.722
14.728
14.734
14.74
14.746
14.752
14.758
14.764
14.771
14.777
14.783
14.789
14.795
14.801
14.807
14.813
14.819
14.825
14.832
14.838
14.844
14.85
14.856
14.862
14.868
14.874
14.88
14.886
14.893
14.899
14.905
14.911
14.917
14.923
14.929
14.935
14.941
14.948
14.954
14.96
14.966
14.972
14.978
14.984
14.99
14.996
15.002
15.009
15.015
15.021
15.027
15.033
15.039
15.045
15.051
15.057
15.063
15.07
15.076
15.082
15.088
15.094
15.1
15.106
15.112
15.118
15.125
15.131
15.137
15.143
15.149
15.155
15.161
15.167
15.173
15.179
15.186
15.192
15.198
15.204
15.21
15.216
15.222
15.228
15.234
15.24
15.247
15.253
15.259
15.265
15.271
15.277
15.283
15.289
15.295
15.302
15.308
15.314
15.32
15.326
15.332
15.338
15.344
15.35
15.356
15.363
15.369
15.375
15.381
15.387
15.393
15.399
15.405
15.411
15.417
15.424
15.43
15.436
15.442
15.448
15.454
15.46
15.466
15.472
15.479
15.485
15.491
15.497
15.503
15.509
15.515
15.521
15.527
15.533
15.54
15.546
15.552
15.558
15.564
15.57
15.576
15.582
15.588
15.594
15.601
15.607
15.613
15.619
15.625
15.631
15.637
15.643
15.649
15.656
15.662
15.668
15.674
15.68
15.686
15.692
15.698
15.704
15.71
15.717
15.723
15.729
15.735
15.741
15.747
15.753
15.759
15.765
15.771
15.778
15.784
15.79
15.796
15.802
15.808
15.814
15.82
15.826
15.833
15.839
15.845
15.851
15.857
15.863
15.869
15.875
15.881
15.887
15.894
15.9
15.906
15.912
15.918
15.924
15.93
15.936
15.942
15.948
15.955
15.961
15.967
15.973
15.979
15.985
15.991
15.997
16.003
16.01
16.016
16.022
16.028
16.034
16.04
16.046
16.052
16.058
16.064
16.071
16.077
16.083
16.089
16.095
16.101
16.107
16.113
16.119
16.125
16.132
16.138
16.144
16.15
16.156
16.162
16.168
16.174
16.18
16.187
16.193
16.199
16.205
16.211
16.217
16.223
16.229
16.235
16.241
16.248
16.254
16.26
16.266
16.272
16.278
16.284
16.29
16.296
16.302
16.309
16.315
16.321
16.327
16.333
16.339
16.345
16.351
16.357
16.364
16.37
16.376
16.382
16.388
16.394
16.4
16.406
16.412
16.418
16.425
16.431
16.437
16.443
16.449
16.455
16.461
16.467
16.473
16.479
16.486
16.492
16.498
16.504
16.51
16.516
16.522
16.528
16.534
16.541
16.547
16.553
16.559
16.565
16.571
16.577
16.583
16.589
16.595
16.602
16.608
16.614
16.62
16.626
16.632
16.638
16.644
16.65
16.656
16.663
16.669
16.675
16.681
16.687
16.693
16.699
16.705
16.711
16.718
16.724
16.73
16.736
16.742
16.748
16.754
16.76
16.766
16.772
16.779
16.785
16.791
16.797
16.803
16.809
16.815
16.821
16.827
16.833
16.84
16.846
16.852
16.858
16.864
16.87
16.876
16.882
16.888
16.895
16.901
16.907
16.913
16.919
16.925
16.931
16.937
16.943
16.949
16.956
16.962
16.968
16.974
16.98
16.986
16.992
16.998
17.004
17.01
17.017
17.023
17.029
17.035
17.041
17.047
17.053
17.059
17.065
17.072
17.078
17.084
17.09
17.096
17.102
17.108
17.114
17.12
17.126
17.133
17.139
17.145
17.151
17.157
17.163
17.169
17.175
17.181
17.188
17.194
17.2
17.206
17.212
17.218
17.224
17.23
17.236
17.242
17.249
17.255
17.261
17.267
17.273
17.279
17.285
17.291
17.297
17.303
17.31
17.316
17.322
17.328
17.334
17.34
17.346
17.352
17.358
17.365
17.371
17.377
17.383
17.389
17.395
17.401
17.407
17.413
17.419
17.426
17.432
17.438
17.444
17.45
17.456
17.462
17.468
17.474
17.48
17.487
17.493
17.499
17.505
17.511
17.517
17.523
17.529
17.535
17.542
17.548
17.554
17.56
17.566
17.572
17.578
17.584
17.59
17.596
17.603
17.609
17.615
17.621
17.627
17.633
17.639
17.645
17.651
17.657
17.664
17.67
17.676
17.682
17.688
17.694
17.7
17.706
17.712
17.719
17.725
17.731
17.737
17.743
17.749
17.755
17.761
17.767
17.773
17.78
17.786
17.792
17.798
17.804
17.81
17.816
17.822
17.828
17.834
17.841
17.847
17.853
17.859
17.865
17.871
17.877
17.883
17.889
17.896
17.902
17.908
17.914
17.92
17.926
17.932
17.938
17.944
17.95
17.957
17.963
17.969
17.975
17.981
17.987
17.993
17.999
18.005
18.011
18.018
18.024
18.03
18.036
18.042
18.048
18.054
18.06
18.066
18.073
18.079
18.085
18.091
18.097
18.103
18.109
18.115
18.121
18.127
18.134
18.14
18.146
18.152
18.158
18.164
18.17
18.176
18.182
18.188
18.195
18.201
18.207
18.213
18.219
18.225
18.231
18.237
18.243
18.25
18.256
18.262
18.268
18.274
18.28
18.286
18.292
18.298
18.304
18.311
18.317
18.323
18.329
18.335
18.341
18.347
18.353
18.359
18.365
18.372
18.378
18.384
18.39
18.396
18.402
18.408
18.414
18.42
18.427
18.433
18.439
18.445
18.451
18.457
18.463
18.469
18.475
18.481
18.488
18.494
18.5
18.506
18.512
18.518
18.524
18.53
18.536
18.542
18.549
18.555
18.561
18.567
18.573
18.579
18.585
18.591
18.597
18.604
18.61
18.616
18.622
18.628
18.634
18.64
18.646
18.652
18.658
18.665
18.671
18.677
18.683
18.689
18.695
18.701
18.707
18.713
18.719
18.726
18.732
18.738
18.744
18.75
18.756
18.762
18.768
18.774
18.781
18.787
18.793
18.799
18.805
18.811
18.817
18.823
18.829
18.835
18.842
18.848
18.854
18.86
18.866
18.872
18.878
18.884
18.89
18.896
18.903
18.909
18.915
18.921
18.927
18.933
18.939
18.945
18.951
18.958
18.964
18.97
18.976
18.982
18.988
18.994
19
19.006
19.012
19.019
19.025
19.031
19.037
19.043
19.049
19.055
19.061
19.067
19.073
19.08
19.086
19.092
19.098
19.104
19.11
19.116
19.122
19.128
19.135
19.141
19.147
19.153
19.159
19.165
19.171
19.177
19.183
19.189
19.196
19.202
19.208
19.214
19.22
19.226
19.232
19.238
19.244
19.25
19.257
19.263
19.269
19.275
19.281
19.287
19.293
19.299
19.305
19.312
19.318
19.324
19.33
19.336
19.342
19.348
19.354
19.36
19.366
19.373
19.379
19.385
19.391
19.397
19.403
19.409
19.415
19.421
19.427
19.434
19.44
19.446
19.452
19.458
19.464
19.47
19.476
19.482
19.489
19.495
19.501
19.507
19.513
19.519
19.525
19.531
19.537
19.543
19.55
19.556
19.562
19.568
19.574
19.58
19.586
19.592
19.598
19.604
19.611
19.617
19.623
19.629
19.635
19.641
19.647
19.653
19.659
19.666
19.672
19.678
19.684
19.69
19.696
19.702
19.708
19.714
19.72
19.727
19.733
19.739
19.745
19.751
19.757
19.763
19.769
19.775
19.781
19.788
19.794
19.8
19.806
19.812
19.818
19.824
19.83
19.836
19.843
19.849
19.855
19.861
19.867
19.873
19.879
19.885
19.891
19.897
19.904
19.91
19.916
19.922
19.928
19.934
19.94
19.946
19.952
19.958
19.965
19.971
19.977
19.983
19.989
19.995
20.001
20.007
20.013
20.02
20.026
20.032
20.038
20.044
20.05
20.056
20.062
20.068
20.074
20.081
20.087
20.093
20.099
20.105
20.111
20.117
20.123
20.129
20.135
20.142
20.148
20.154
20.16
20.166
20.172
20.178
20.184
20.19
20.197
20.203
20.209
20.215
20.221
20.227
20.233
20.239
20.245
20.251
20.258
20.264
20.27
20.276
20.282
20.288
20.294
20.3
20.306
20.313
20.319
20.325
20.331
20.337
20.343
20.349
20.355
20.361
20.367
20.374
20.38
20.386
20.392
20.398
20.404
20.41
20.416
20.422
20.428
20.435
20.441
20.447
20.453
20.459
20.465
20.471
20.477
20.483
20.49
20.496
20.502
20.508
20.514
20.52
20.526
20.532
20.538
20.544
20.551
20.557
20.563
20.569
20.575
20.581
20.587
20.593
20.599
20.605
20.612
20.618
20.624
20.63
20.636
20.642
20.648
20.654
20.66
20.667
20.673
20.679
20.685
20.691
20.697
20.703
20.709
20.715
20.721
20.728
20.734
20.74
20.746
20.752
20.758
20.764
20.77
20.776
20.782
20.789
20.795
20.801
20.807
20.813
20.819
20.825
20.831
20.837
20.844
20.85
20.856
20.862
20.868
20.874
20.88
20.886
20.892
20.898
20.905
20.911
20.917
20.923
20.929
20.935
20.941
20.947
20.953
20.959
20.966
20.972
20.978
20.984
20.99
20.996
21.002
21.008
21.014
21.021
21.027
21.033
21.039
21.045
21.051
21.057
21.063
21.069
21.075
21.082
21.088
21.094
21.1
21.106
21.112
21.118
21.124
21.13
21.136
21.143
21.149
21.155
21.161
21.167
21.173
21.179
21.185
21.191
21.198
21.204
21.21
21.216
21.222
21.228
21.234
21.24
21.246
21.252
21.259
21.265
21.271
21.277
21.283
21.289
21.295
21.301
21.307
21.313
21.32
21.326
21.332
21.338
21.344
21.35
21.356
21.362
21.368
21.375
21.381
21.387
21.393
21.399
21.405
21.411
21.417
21.423
21.429
21.436
21.442
21.448
21.454
21.46
21.466
21.472
21.478
21.484
21.49
21.497
21.503
21.509
21.515
21.521
21.527
21.533
21.539
21.545
21.552
21.558
21.564
21.57
21.576
21.582
21.588
21.594
21.6
21.606
21.613
21.619
21.625
21.631
21.637
21.643
21.649
21.655
21.661
21.667
21.674
21.68
21.686
21.692
21.698
21.704
21.71
21.716
21.722
21.729
21.735
21.741
21.747
21.753
21.759
21.765
21.771
21.777
21.783
21.79
21.796
21.802
21.808
21.814
21.82
21.826
21.832
21.838
21.844
21.851
21.857
21.863
21.869
21.875
21.881
21.887
21.893
21.899
21.906
21.912
21.918
21.924
21.93
21.936
21.942
21.948
21.954
21.96
21.967
21.973
21.979
21.985
21.991
21.997
22.003
22.009
22.015
22.021
22.028
22.034
22.04
22.046
22.052
22.058
22.064
22.07
22.076
22.083
22.089
22.095
22.101
22.107
22.113
22.119
22.125
22.131
22.137
22.144
22.15
22.156
22.162
22.168
22.174
22.18
22.186
22.192
22.198
22.205
22.211
22.217
22.223
22.229
22.235
22.241
22.247
22.253
22.26
22.266
22.272
22.278
22.284
22.29
22.296
22.302
22.308
22.314
22.321
22.327
22.333
22.339
22.345
22.351
22.357
22.363
22.369
22.375
22.382
22.388
22.394
22.4
22.406
22.412
22.418
22.424
22.43
22.437
22.443
22.449
22.455
22.461
22.467
22.473
22.479
22.485
22.491
22.498
22.504
22.51
22.516
22.522
22.528
22.534
22.54
22.546
22.552
22.559
22.565
22.571
22.577
22.583
22.589
22.595
22.601
22.607
22.614
22.62
22.626
22.632
22.638
22.644
22.65
22.656
22.662
22.668
22.675
22.681
22.687
22.693
22.699
22.705
22.711
22.717
22.723
22.729
22.736
22.742
22.748
22.754
22.76
22.766
22.772
22.778
22.784
22.791
22.797
22.803
22.809
22.815
22.821
22.827
22.833
22.839
22.845
22.852
22.858
22.864
22.87
22.876
22.882
22.888
22.894
22.9
22.906
22.913
22.919
22.925
22.931
22.937
22.943
22.949
22.955
22.961
22.968
22.974
22.98
22.986
22.992
22.998
23.004
23.01
23.016
23.022
23.029
23.035
23.041
23.047
23.053
23.059
23.065
23.071
23.077
23.083
23.09
23.096
23.102
23.108
23.114
23.12
23.126
23.132
23.138
23.145
23.151
23.157
23.163
23.169
23.175
23.181
23.187
23.193
23.199
23.206
23.212
23.218
23.224
23.23
23.236
23.242
23.248
23.254
23.26
23.267
23.273
23.279
23.285
23.291
23.297
23.303
23.309
23.315
23.322
23.328
23.334
23.34
23.346
23.352
23.358
23.364
23.37
23.376
23.383
23.389
23.395
23.401
23.407
23.413
23.419
23.425
23.431
23.438
23.444
23.45
23.456
23.462
23.468
23.474
23.48
23.486
23.492
23.499
23.505
23.511
23.517
23.523
23.529
23.535
23.541
23.547
23.553
23.56
23.566
23.572
23.578
23.584
23.59
23.596
23.602
23.608
23.615
23.621
23.627
23.633
23.639
23.645
23.651
23.657
23.663
23.669
23.676
23.682
23.688
23.694
23.7
23.706
23.712
23.718
23.724
23.73
23.737
23.743
23.749
23.755
23.761
23.767
23.773
23.779
23.785
23.792
23.798
23.804
23.81
23.816
23.822
23.828
23.834
23.84
23.846
23.853
23.859
23.865
23.871
23.877
23.883
23.889
23.895
23.901
23.907
23.914
23.92
23.926
23.932
23.938
23.944
23.95
23.956
23.962
23.969
23.975
23.981
23.987
23.993
23.999
24.005
24.011
24.017
24.023
24.03
24.036
24.042
24.048
24.054
24.06
24.066
24.072
24.078
24.084
24.091
24.097
24.103
24.109
24.115
24.121
24.127
24.133
24.139
24.146
24.152
24.158
24.164
24.17
24.176
24.182
24.188
24.194
24.2
24.207
24.213
24.219
24.225
24.231
24.237
24.243
24.249
24.255
24.261
24.268
24.274
24.28
24.286
24.292
24.298
24.304
24.31
24.316
24.323
24.329
24.335
24.341
24.347
24.353
24.359
24.365
24.371
24.377
24.384
24.39
24.396
24.402
24.408
24.414
24.42
24.426
24.432
24.438
24.445
24.451
24.457
24.463
24.469
24.475
24.481
24.487
24.493
24.5
24.506
24.512
24.518
24.524
24.53
24.536
24.542
24.548
24.554
24.561
24.567
24.573
24.579
24.585
24.591
24.597
24.603
24.609
24.615
24.622
24.628
24.634
24.64
24.646
24.652
24.658
24.664
24.67
24.677
24.683
24.689
24.695
24.701
24.707
24.713
24.719
24.725
24.731
24.738
24.744
24.75
24.756
24.762
24.768
24.774
24.78
24.786
24.792
24.799
24.805
24.811
24.817
24.823
24.829
24.835
24.841
24.847
24.854
24.86
24.866
24.872
24.878
24.884
24.89
24.896
24.902
24.908
24.915
24.921
24.927
24.933
24.939
24.945
24.951
24.957
24.963
24.969
24.976
24.982
24.988
24.994
25
25.006
25.012
25.018
25.024
25.031
25.037
25.043
25.049
25.055
25.061
25.067
25.073
25.079
25.085
25.092
25.098
25.104
25.11
25.116
25.122
25.128
25.134
25.14
25.146
25.153
25.159
25.165
25.171
25.177
25.183
25.189
25.195
25.201
25.208
25.214
25.22
25.226
25.232
25.238
25.244
25.25
25.256
25.262
25.269
25.275
25.281
25.287
25.293
25.299
25.305
25.311
25.317
25.323
25.33
25.336
25.342
25.348
25.354
25.36
25.366
25.372
25.378
25.385
25.391
25.397
25.403
25.409
25.415
25.421
25.427
25.433
25.439
25.446
25.452
25.458
25.464
25.47
25.476
25.482
25.488
25.494
25.5
25.507
25.513
25.519
25.525
25.531
25.537
25.543
25.549
25.555
25.562
25.568
25.574
25.58
25.586
25.592
25.598
25.604
25.61
25.616
25.623
25.629
25.635
25.641
25.647
25.653
25.659
25.665
25.671
25.677
25.684
25.69
25.696
25.702
25.708
25.714
25.72
25.726
25.732
25.739
25.745
25.751
25.757
25.763
25.769
25.775
25.781
25.787
25.793
25.8
25.806
25.812
25.818
25.824
25.83
25.836
25.842
25.848
25.854
25.861
25.867
25.873
25.879
25.885
25.891
25.897
25.903
25.909
25.916
25.922
25.928
25.934
25.94
25.946
25.952
25.958
25.964
25.97
25.977
25.983
25.989
25.995
26.001
26.007
26.013
26.019
26.025
26.031
26.038
26.044
26.05
26.056
26.062
26.068
26.074
26.08
26.086
26.093
26.099
26.105
26.111
26.117
26.123
26.129
26.135
26.141
26.147
26.154
26.16
26.166
26.172
26.178
26.184
26.19
26.196
26.202
26.208
26.215
26.221
26.227
26.233
26.239
26.245
26.251
26.257
26.263
26.27
26.276
26.282
26.288
26.294
26.3
26.306
26.312
26.318
26.324
26.331
26.337
26.343
26.349
26.355
26.361
26.367
26.373
26.379
26.385
26.392
26.398
26.404
26.41
26.416
26.422
26.428
26.434
26.44
26.447
26.453
26.459
26.465
26.471
26.477
26.483
26.489
26.495
26.501
26.508
26.514
26.52
26.526
26.532
26.538
26.544
26.55
26.556
26.563
26.569
26.575
26.581
26.587
26.593
26.599
26.605
26.611
26.617
26.624
26.63
26.636
26.642
26.648
26.654
26.66
26.666
26.672
26.678
26.685
26.691
26.697
26.703
26.709
26.715
26.721
26.727
26.733
26.74
26.746
26.752
26.758
26.764
26.77
26.776
26.782
26.788
26.794
26.801
26.807
26.813
26.819
26.825
26.831
26.837
26.843
26.849
26.855
26.862
26.868
26.874
26.88
26.886
26.892
26.898
26.904
26.91
26.917
26.923
26.929
26.935
26.941
26.947
26.953
26.959
26.965
26.971
26.978
26.984
26.99
26.996
27.002
27.008
27.014
27.02
27.026
27.032
27.039
27.045
27.051
27.057
27.063
27.069
27.075
27.081
27.087
27.094
27.1
27.106
27.112
27.118
27.124
27.13
27.136
27.142
27.148
27.155
27.161
27.167
27.173
27.179
27.185
27.191
27.197
27.203
27.209
27.216
27.222
27.228
27.234
27.24
27.246
27.252
27.258
27.264
27.271
27.277
27.283
27.289
27.295
27.301
27.307
27.313
27.319
27.325
27.332
27.338
27.344
27.35
27.356
27.362
27.368
27.374
27.38
27.386
27.393
27.399
27.405
27.411
27.417
27.423
27.429
27.435
27.441
27.448
27.454
27.46
27.466
27.472
27.478
27.484
27.49
27.496
27.502
27.509
27.515
27.521
27.527
27.533
27.539
27.545
27.551
27.557
27.563
27.57
27.576
27.582
27.588
27.594
27.6
27.606
27.612
27.618
27.625
27.631
27.637
27.643
27.649
27.655
27.661
27.667
27.673
27.679
27.686
27.692
27.698
27.704
27.71
27.716
27.722
27.728
27.734
27.74
27.747
27.753
27.759
27.765
27.771
27.777
27.783
27.789
27.795
27.802
27.808
27.814
27.82
27.826
27.832
27.838
27.844
27.85
27.856
27.863
27.869
27.875
27.881
27.887
27.893
27.899
27.905
27.911
27.917
27.924
27.93
27.936
27.942
27.948
27.954
27.96
27.966
27.972
27.979
27.985
27.991
27.997
28.003
28.009
28.015
28.021
28.027
28.033
28.04
28.046
28.052
28.058
28.064
28.07
28.076
28.082
28.088
28.094
28.101
28.107
28.113
28.119
28.125
28.131
28.137
28.143
28.149
28.156
28.162
28.168
28.174
28.18
28.186
28.192
28.198
28.204
28.21
28.217
28.223
28.229
28.235
28.241
28.247
28.253
28.259
28.265
28.271
28.278
28.284
28.29
28.296
28.302
28.308
28.314
28.32
28.326
28.333
28.339
28.345
28.351
28.357
28.363
28.369
28.375
28.381
28.387
28.394
28.4
28.406
28.412
28.418
28.424
28.43
28.436
28.442
28.448
28.455
28.461
28.467
28.473
28.479
28.485
28.491
28.497
28.503
28.51
28.516
28.522
28.528
28.534
28.54
28.546
28.552
28.558
28.564
28.571
28.577
28.583
28.589
28.595
28.601
28.607
28.613
28.619
28.625
28.632
28.638
28.644
28.65
28.656
28.662
28.668
28.674
28.68
28.687
28.693
28.699
28.705
28.711
28.717
28.723
28.729
28.735
28.741
28.748
28.754
28.76
28.766
28.772
28.778
28.784
28.79
28.796
28.802
28.809
28.815
28.821
28.827
28.833
28.839
28.845
28.851
28.857
28.864
28.87
28.876
28.882
28.888
28.894
28.9
28.906
28.912
28.918
28.925
28.931
28.937
28.943
28.949
28.955
28.961
28.967
28.973
28.979
28.986
28.992
28.998
29.004
29.01
29.016
29.022
29.028
29.034
29.041
29.047
29.053
29.059
29.065
29.071
29.077
29.083
29.089
29.095
29.102
29.108
29.114
29.12
29.126
29.132
29.138
29.144
29.15
29.156
29.163
29.169
29.175
29.181
29.187
29.193
29.199
29.205
29.211
29.218
29.224
29.23
29.236
29.242
29.248
29.254
29.26
29.266
29.272
29.279
29.285
29.291
29.297
29.303
29.309
29.315
29.321
29.327
29.333
29.34
29.346
29.352
29.358
29.364
29.37
29.376
29.382
29.388
29.395
29.401
29.407
29.413
29.419
29.425
29.431
29.437
29.443
29.449
29.456
29.462
29.468
29.474
29.48
29.486
29.492
29.498
29.504
29.51
29.517
29.523
29.529
29.535
29.541
29.547
29.553
29.559
29.565
29.572
29.578
29.584
29.59
29.596
29.602
29.608
29.614
29.62
29.626
29.633
29.639
29.645
29.651
29.657
29.663
29.669
29.675
29.681
29.688
29.694
29.7
29.706
29.712
29.718
29.724
29.73
29.736
29.742
29.749
29.755
29.761
29.767
29.773
29.779
29.785
29.791
29.797
29.803
29.81
29.816
29.822
29.828
29.834
29.84
29.846
29.852
29.858
29.865
29.871
29.877
29.883
29.889
29.895
29.901
29.907
29.913
29.919
29.926
29.932
29.938
29.944
29.95
29.956
29.962
29.968
29.974
29.98
29.987
29.993
29.999
30.005
30.011
30.017
30.023
30.029
30.035
30.042
30.048
30.054
30.06
30.066
30.072
30.078
30.084
30.09
30.096
30.103
30.109
30.115
30.121
30.127
30.133
30.139
30.145
30.151
30.157
30.164
30.17
30.176
30.182
30.188
30.194
30.2
30.206
30.212
30.219
30.225
30.231
30.237
30.243
30.249
30.255
30.261
30.267
30.273
30.28
30.286
30.292
30.298
30.304
30.31
30.316
30.322
30.328
30.334
30.341
30.347
30.353
30.359
30.365
30.371
30.377
30.383
30.389
30.396
30.402
30.408
30.414
30.42
30.426
30.432
30.438
30.444
30.45
30.457
30.463
30.469
30.475
30.481
30.487
30.493
30.499
30.505
30.511
30.518
30.524
30.53
30.536
30.542
30.548
30.554
30.56
30.566
30.573
30.579
30.585
30.591
30.597
30.603
30.609
30.615
30.621
30.627
30.634
30.64
30.646
30.652
30.658
30.664
30.67
30.676
30.682
30.688
30.695
30.701
30.707
30.713
30.719
30.725
30.731
30.737
30.743
30.75
30.756
30.762
30.768
30.774
30.78
30.786
30.792
30.798
30.804
30.811
30.817
30.823
30.829
30.835
30.841
30.847
30.853
30.859
30.865
30.872
30.878
30.884
30.89
30.896
30.902
30.908
30.914
30.92
30.927
30.933
30.939
30.945
30.951
30.957
30.963
30.969
30.975
30.981
30.988
30.994
31
31.006
31.012
31.018
31.024
31.03
31.036
31.042
31.049
31.055
31.061
31.067
31.073
31.079
31.085
31.091
31.097
31.104
31.11
31.116
31.122
31.128
31.134
31.14
31.146
31.152
31.158
31.165
31.171
31.177
31.183
31.189
31.195
31.201
31.207
31.213
31.219
31.226
31.232
31.238
31.244
31.25
31.256
31.262
31.268
31.274
31.281
31.287
31.293
31.299
31.305
31.311
31.317
31.323
31.329
31.335
31.342
31.348
31.354
31.36
31.366
31.372
31.378
31.384
31.39
31.396
31.403
31.409
31.415
31.421
31.427
31.433
31.439
31.445
31.451
31.458
31.464
31.47
31.476
31.482
31.488
31.494
31.5
31.506
31.512
31.519
31.525
31.531
31.537
31.543
31.549
31.555
31.561
31.567
31.573
31.58
31.586
31.592
31.598
31.604
31.61
31.616
31.622
31.628
31.635
31.641
31.647
31.653
31.659
31.665
31.671
31.677
31.683
31.689
31.696
31.702
31.708
31.714
31.72
31.726
31.732
31.738
31.744
31.75
31.757
31.763
31.769
31.775
31.781
31.787
31.793
31.799
31.805
31.812
31.818
31.824
31.83
31.836
31.842
31.848
31.854
31.86
31.866
31.873
31.879
31.885
31.891
31.897
31.903
31.909
31.915
31.921
31.927
31.934
31.94
31.946
31.952
31.958
31.964
31.97
31.976
31.982
31.989
31.995
32.001
32.007
32.013
32.019
32.025
32.031
32.037
32.043
32.05
32.056
32.062
32.068
32.074
32.08
32.086
32.092
32.098
32.104
32.111
32.117
32.123
32.129
32.135
32.141
32.147
32.153
32.159
32.166
32.172
32.178
32.184
32.19
32.196
32.202
32.208
32.214
32.22
32.227
32.233
32.239
32.245
32.251
32.257
32.263
32.269
32.275
32.281
32.288
32.294
32.3
32.306
32.312
32.318
32.324
32.33
32.336
32.343
32.349
32.355
32.361
32.367
32.373
32.379
32.385
32.391
32.397
32.404
32.41
32.416
32.422
32.428
32.434
32.44
32.446
32.452
32.458
32.465
32.471
32.477
32.483
32.489
32.495
32.501
32.507
32.513
32.52
32.526
32.532
32.538
32.544
32.55
32.556
32.562
32.568
32.574
32.581
32.587
32.593
32.599
32.605
32.611
32.617
32.623
32.629
32.635
32.642
32.648
32.654
32.66
32.666
32.672
32.678
32.684
32.69
32.697
32.703
32.709
32.715
32.721
32.727
32.733
32.739
32.745
32.751
32.758
32.764
32.77
32.776
32.782
32.788
32.794
32.8
32.806
32.813
32.819
32.825
32.831
32.837
32.843
32.849
32.855
32.861
32.867
32.874
32.88
32.886
32.892
32.898
32.904
32.91
32.916
32.922
32.928
32.935
32.941
32.947
32.953
32.959
32.965
32.971
32.977
32.983
32.99
32.996
33.002
33.008
33.014
33.02
33.026
33.032
33.038
33.044
33.051
33.057
33.063
33.069
33.075
33.081
33.087
33.093
33.099
33.105
33.112
33.118
33.124
33.13
33.136
33.142
33.148
33.154
33.16
33.167
33.173
33.179
33.185
33.191
33.197
33.203
33.209
33.215
33.221
33.228
33.234
33.24
33.246
33.252
33.258
33.264
33.27
33.276
33.282
33.289
33.295
33.301
33.307
33.313
33.319
33.325
33.331
33.337
33.344
33.35
33.356
33.362
33.368
33.374
33.38
33.386
33.392
33.398
33.405
33.411
33.417
33.423
33.429
33.435
33.441
33.447
33.453
33.459
33.466
33.472
33.478
33.484
33.49
33.496
33.502
33.508
33.514
33.521
33.527
33.533
33.539
33.545
33.551
33.557
33.563
33.569
33.575
33.582
33.588
33.594
33.6
33.606
33.612
33.618
33.624
33.63
33.636
33.643
33.649
33.655
33.661
33.667
33.673
33.679
33.685
33.691
33.698
33.704
33.71
33.716
33.722
33.728
33.734
33.74
33.746
33.752
33.759
33.765
33.771
33.777
33.783
33.789
33.795
33.801
33.807
33.813
33.82
33.826
33.832
33.838
33.844
33.85
33.856
33.862
33.868
33.875
33.881
33.887
33.893
33.899
33.905
33.911
33.917
33.923
33.929
33.936
33.942
33.948
33.954
33.96
33.966
33.972
33.978
33.984
33.99
33.997
34.003
34.009
34.015
34.021
34.027
34.033
34.039
34.045
34.052
34.058
34.064
34.07
34.076
34.082
34.088
34.094
34.1
34.106
34.113
34.119
34.125
34.131
34.137
34.143
34.149
34.155
34.161
34.167
34.174
34.18
34.186
34.192
34.198
34.204
34.21
34.216
34.222
34.229
34.235
34.241
34.247
34.253
34.259
34.265
34.271
34.277
34.283
34.29
34.296
34.302
34.308
34.314
34.32
34.326
34.332
34.338
34.344
34.351
34.357
34.363
34.369
34.375
34.381
34.387
34.393
34.399
34.406
34.412
34.418
34.424
34.43
34.436
34.442
34.448
34.454
34.46
34.467
34.473
34.479
34.485
34.491
34.497
34.503
34.509
34.515
34.521
34.528
34.534
34.54
34.546
34.552
34.558
34.564
34.57
34.576
34.583
34.589
34.595
34.601
34.607
34.613
34.619
34.625
34.631
34.637
34.644
34.65
34.656
34.662
34.668
34.674
34.68
34.686
34.692
34.698
34.705
34.711
34.717
34.723
34.729
34.735
34.741
34.747
34.753
34.76
34.766
34.772
34.778
34.784
34.79
34.796
34.802
34.808
34.814
34.821
34.827
34.833
34.839
34.845
34.851
34.857
34.863
34.869
34.875
34.882
34.888
34.894
34.9
34.906
34.912
34.918
34.924
34.93
34.937
34.943
34.949
34.955
34.961
34.967
34.973
34.979
34.985
34.991
34.998
35.004
35.01
35.016
35.022
35.028
35.034
35.04
35.046
35.052
35.059
35.065
35.071
35.077
35.083
35.089
35.095
35.101
35.107
35.114
35.12
35.126
35.132
35.138
35.144
35.15
35.156
35.162
35.168
35.175
35.181
35.187
35.193
35.199
35.205
35.211
35.217
35.223
35.229
35.236
35.242
35.248
35.254
35.26
35.266
35.272
35.278
35.284
35.291
35.297
35.303
35.309
35.315
35.321
35.327
35.333
35.339
35.345
35.352
35.358
35.364
35.37
35.376
35.382
35.388
35.394
35.4
35.406
35.413
35.419
35.425
35.431
35.437
35.443
35.449
35.455
35.461
35.468
35.474
35.48
35.486
35.492
35.498
35.504
35.51
35.516
35.522
35.529
35.535
35.541
35.547
35.553
35.559
35.565
35.571
35.577
35.583
35.59
35.596
35.602
35.608
35.614
35.62
35.626
35.632
35.638
35.645
35.651
35.657
35.663
35.669
35.675
35.681
35.687
35.693
35.699
35.706
35.712
35.718
35.724
35.73
35.736
35.742
35.748
35.754
35.76
35.767
35.773
35.779
35.785
35.791
35.797
35.803
35.809
35.815
35.822
35.828
35.834
35.84
35.846
35.852
35.858
35.864
35.87
35.876
35.883
35.889
35.895
35.901
35.907
35.913
35.919
35.925
35.931
35.938
35.944
35.95
35.956
35.962
35.968
35.974
35.98
35.986
35.992
35.999
36.005
36.011
36.017
36.023
36.029
36.035
36.041
36.047
36.053
36.06
36.066
36.072
36.078
36.084
36.09
36.096
36.102
36.108
36.115
36.121
36.127
36.133
36.139
36.145
36.151
36.157
36.163
36.169
36.176
36.182
36.188
36.194
36.2
36.206
36.212
36.218
36.224
36.23
36.237
36.243
36.249
36.255
36.261
36.267
36.273
36.279
36.285
36.292
36.298
36.304
36.31
36.316
36.322
36.328
36.334
36.34
36.346
36.353
36.359
36.365
36.371
36.377
36.383
36.389
36.395
36.401
36.407
36.414
36.42
36.426
36.432
36.438
36.444
36.45
36.456
36.462
36.469
36.475
36.481
36.487
36.493
36.499
36.505
36.511
36.517
36.523
36.53
36.536
36.542
36.548
36.554
36.56
36.566
36.572
36.578
36.584
36.591
36.597
36.603
36.609
36.615
36.621
36.627
36.633
36.639
36.646
36.652
36.658
36.664
36.67
36.676
36.682
36.688
36.694
36.7
36.707
36.713
36.719
36.725
36.731
36.737
36.743
36.749
36.755
36.761
36.768
36.774
36.78
36.786
36.792
36.798
36.804
36.81
36.816
36.823
36.829
36.835
36.841
36.847
36.853
36.859
36.865
36.871
36.877
36.884
36.89
36.896
36.902
36.908
36.914
36.92
36.926
36.932
36.938
36.945
36.951
36.957
36.963
36.969
36.975
36.981
36.987
36.993
37
37.006
37.012
37.018
37.024
37.03
37.036
37.042
37.048
37.054
37.061
37.067
37.073
37.079
37.085
37.091
37.097
37.103
37.109
37.115
37.122
37.128
37.134
37.14
37.146
37.152
37.158
37.164
37.17
37.177
37.183
37.189
37.195
37.201
37.207
37.213
37.219
37.225
37.231
37.238
37.244
37.25
37.256
37.262
37.268
37.274
37.28
37.286
37.292
37.299
37.305
37.311
37.317
37.323
37.329
37.335
37.341
37.347
37.354
37.36
37.366
37.372
37.378
37.384
37.39
37.396
37.402
37.408
37.415
37.421
37.427
37.433
37.439
37.445
37.451
37.457
37.463
37.469
37.476
37.482
37.488
37.494
37.5
37.506
37.512
37.518
37.524
37.531
37.537
37.543
37.549
37.555
37.561
37.567
37.573
37.579
37.585
37.592
37.598
37.604
37.61
37.616
37.622
37.628
37.634
37.64
37.646
37.653
37.659
37.665
37.671
37.677
37.683
37.689
37.695
37.701
37.708
37.714
37.72
37.726
37.732
37.738
37.744
37.75
37.756
37.762
37.769
37.775
37.781
37.787
37.793
37.799
37.805
37.811
37.817
37.823
37.83
37.836
37.842
37.848
37.854
37.86
37.866
37.872
37.878
37.885
37.891
37.897
37.903
37.909
37.915
37.921
37.927
37.933
37.939
37.946
37.952
37.958
37.964
37.97
37.976
37.982
37.988
37.994
38
38.007
38.013
38.019
38.025
38.031
38.037
38.043
38.049
38.055
38.062
38.068
38.074
38.08
38.086
38.092
38.098
38.104
38.11
38.116
38.123
38.129
38.135
38.141
38.147
38.153
38.159
38.165
38.171
38.177
38.184
38.19
38.196
38.202
38.208
38.214
38.22
38.226
38.232
38.239
38.245
38.251
38.257
38.263
38.269
38.275
38.281
38.287
38.293
38.3
38.306
38.312
38.318
38.324
38.33
38.336
38.342
38.348
38.354
38.361
38.367
38.373
38.379
38.385
38.391
38.397
38.403
38.409
38.416
38.422
38.428
38.434
38.44
38.446
38.452
38.458
38.464
38.47
38.477
38.483
38.489
38.495
38.501
38.507
38.513
38.519
38.525
38.531
38.538
38.544
38.55
38.556
38.562
38.568
38.574
38.58
38.586
38.593
38.599
38.605
38.611
38.617
38.623
38.629
38.635
38.641
38.647
38.654
38.66
38.666
38.672
38.678
38.684
38.69
38.696
38.702
38.708
38.715
38.721
38.727
38.733
38.739
38.745
38.751
38.757
38.763
38.77
38.776
38.782
38.788
38.794
38.8
38.806
38.812
38.818
38.824
38.831
38.837
38.843
38.849
38.855
38.861
38.867
38.873
38.879
38.885
38.892
38.898
38.904
38.91
38.916
38.922
38.928
38.934
38.94
38.947
38.953
38.959
38.965
38.971
38.977
38.983
38.989
38.995
39.001
39.008
39.014
39.02
39.026
39.032
39.038
39.044
39.05
39.056
39.063
39.069
39.075
39.081
39.087
39.093
39.099
39.105
39.111
39.117
39.124
39.13
39.136
39.142
39.148
39.154
39.16
39.166
39.172
39.178
39.185
39.191
39.197
39.203
39.209
39.215
39.221
39.227
39.233
39.24
39.246
39.252
39.258
39.264
39.27
39.276
39.282
39.288
39.294
39.301
39.307
39.313
39.319
39.325
39.331
39.337
39.343
39.349
39.355
39.362
39.368
39.374
39.38
39.386
39.392
39.398
39.404
39.41
39.417
39.423
39.429
39.435
39.441
39.447
39.453
39.459
39.465
39.471
39.478
39.484
39.49
39.496
39.502
39.508
39.514
39.52
39.526
39.532
39.539
39.545
39.551
39.557
39.563
39.569
39.575
39.581
39.587
39.594
39.6
39.606
39.612
39.618
39.624
39.63
39.636
39.642
39.648
39.655
39.661
39.667
39.673
39.679
39.685
39.691
39.697
39.703
39.709
39.716
39.722
39.728
39.734
39.74
39.746
39.752
39.758
39.764
39.771
39.777
39.783
39.789
39.795
39.801
39.807
39.813
39.819
39.825
39.832
39.838
39.844
39.85
39.856
39.862
39.868
39.874
39.88
39.886
39.893
39.899
39.905
39.911
39.917
39.923
39.929
39.935
39.941
39.948
39.954
39.96
39.966
39.972
39.978
39.984
39.99
39.996
40.002
40.009
40.015
40.021
40.027
40.033
40.039
40.045
40.051
40.057
40.063
40.07
40.076
40.082
40.088
40.094
40.1
40.106
40.112
40.118
40.125
40.131
40.137
40.143
40.149
40.155
40.161
40.167
40.173
40.179
40.186
40.192
40.198
40.204
40.21
40.216
40.222
40.228
40.234
40.24
40.247
40.253
40.259
40.265
40.271
40.277
40.283
40.289
40.295
40.302
40.308
40.314
40.32
40.326
40.332
40.338
40.344
40.35
40.356
40.363
40.369
40.375
40.381
40.387
40.393
40.399
40.405
40.411
40.417
40.424
40.43
40.436
40.442
40.448
40.454
40.46
40.466
40.472
40.479
40.485
40.491
40.497
40.503
40.509
40.515
40.521
40.527
40.533
40.54
40.546
40.552
40.558
40.564
40.57
40.576
40.582
40.588
40.594
40.601
40.607
40.613
40.619
40.625
40.631
40.637
40.643
40.649
40.656
40.662
40.668
40.674
40.68
40.686
40.692
40.698
40.704
40.71
40.717
40.723
40.729
40.735
40.741
40.747
40.753
40.759
40.765
40.771
40.778
40.784
40.79
40.796
40.802
40.808
40.814
40.82
40.826
40.833
40.839
40.845
40.851
40.857
40.863
40.869
40.875
40.881
40.887
40.894
40.9
40.906
40.912
40.918
40.924
40.93
40.936
40.942
40.948
40.955
40.961
40.967
40.973
40.979
40.985
40.991
40.997
41.003
41.01
41.016
41.022
41.028
41.034
41.04
41.046
41.052
41.058
41.064
41.071
41.077
41.083
41.089
41.095
41.101
41.107
41.113
41.119
41.125
41.132
41.138
41.144
41.15
41.156
41.162
41.168
41.174
41.18
41.187
41.193
41.199
41.205
41.211
41.217
41.223
41.229
41.235
41.241
41.248
41.254
41.26
41.266
41.272
41.278
41.284
41.29
41.296
41.302
41.309
41.315
41.321
41.327
41.333
41.339
41.345
41.351
41.357
41.364
41.37
41.376
41.382
41.388
41.394
41.4
41.406
41.412
41.418
41.425
41.431
41.437
41.443
41.449
41.455
41.461
41.467
41.473
41.479
41.486
41.492
41.498
41.504
41.51
41.516
41.522
41.528
41.534
41.541
41.547
41.553
41.559
41.565
41.571
41.577
41.583
41.589
41.595
41.602
41.608
41.614
41.62
41.626
41.632
41.638
41.644
41.65
41.656
41.663
41.669
41.675
41.681
41.687
41.693
41.699
41.705
41.711
41.718
41.724
41.73
41.736
41.742
41.748
41.754
41.76
41.766
41.772
41.779
41.785
41.791
41.797
41.803
41.809
41.815
41.821
41.827
41.833
41.84
41.846
41.852
41.858
41.864
41.87
41.876
41.882
41.888
41.895
41.901
41.907
41.913
41.919
41.925
41.931
41.937
41.943
41.949
41.956
41.962
41.968
41.974
41.98
41.986
41.992
41.998
42.004
42.01
42.017
42.023
42.029
42.035
42.041
42.047
42.053
42.059
42.065
42.072
42.078
42.084
42.09
42.096
42.102
42.108
42.114
42.12
42.126
42.133
42.139
42.145
42.151
42.157
42.163
42.169
42.175
42.181
42.188
42.194
42.2
42.206
42.212
42.218
42.224
42.23
42.236
42.242
42.249
42.255
42.261
42.267
42.273
42.279
42.285
42.291
42.297
42.303
42.31
42.316
42.322
42.328
42.334
42.34
42.346
42.352
42.358
42.365
42.371
42.377
42.383
42.389
42.395
42.401
42.407
42.413
42.419
42.426
42.432
42.438
42.444
42.45
42.456
42.462
42.468
42.474
42.48
42.487
42.493
42.499
42.505
42.511
42.517
42.523
42.529
42.535
42.542
42.548
42.554
42.56
42.566
42.572
42.578
42.584
42.59
42.596
42.603
42.609
42.615
42.621
42.627
42.633
42.639
42.645
42.651
42.657
42.664
42.67
42.676
42.682
42.688
42.694
42.7
42.706
42.712
42.719
42.725
42.731
42.737
42.743
42.749
42.755
42.761
42.767
42.773
42.78
42.786
42.792
42.798
42.804
42.81
42.816
42.822
42.828
42.834
42.841
42.847
42.853
42.859
42.865
42.871
42.877
42.883
42.889
42.896
42.902
42.908
42.914
42.92
42.926
42.932
42.938
42.944
42.95
42.957
42.963
42.969
42.975
42.981
42.987
42.993
42.999
43.005
43.011
43.018
43.024
43.03
43.036
43.042
43.048
43.054
43.06
43.066
43.073
43.079
43.085
43.091
43.097
43.103
43.109
43.115
43.121
43.127
43.134
43.14
43.146
43.152
43.158
43.164
43.17
43.176
43.182
43.188
43.195
43.201
43.207
43.213
43.219
43.225
43.231
43.237
43.243
43.25
43.256
43.262
43.268
43.274
43.28
43.286
43.292
43.298
43.304
43.311
43.317
43.323
43.329
43.335
43.341
43.347
43.353
43.359
43.365
43.372
43.378
43.384
43.39
43.396
43.402
43.408
43.414
43.42
43.427
43.433
43.439
43.445
43.451
43.457
43.463
43.469
43.475
43.481
43.488
43.494
43.5
43.506
43.512
43.518
43.524
43.53
43.536
43.542
43.549
43.555
43.561
43.567
43.573
43.579
43.585
43.591
43.597
43.604
43.61
43.616
43.622
43.628
43.634
43.64
43.646
43.652
43.658
43.665
43.671
43.677
43.683
43.689
43.695
43.701
43.707
43.713
43.719
43.726
43.732
43.738
43.744
43.75
43.756
43.762
43.768
43.774
43.781
43.787
43.793
43.799
43.805
43.811
43.817
43.823
43.829
43.835
43.842
43.848
43.854
43.86
43.866
43.872
43.878
43.884
43.89
43.896
43.903
43.909
43.915
43.921
43.927
43.933
43.939
43.945
43.951
43.958
43.964
43.97
43.976
43.982
43.988
43.994
44
44.006
44.012
44.019
44.025
44.031
44.037
44.043
44.049
44.055
44.061
44.067
44.073
44.08
44.086
44.092
44.098
44.104
44.11
44.116
44.122
44.128
44.135
44.141
44.147
44.153
44.159
44.165
44.171
44.177
44.183
44.189
44.196
44.202
44.208
44.214
44.22
44.226
44.232
44.238
44.244
44.25
44.257
44.263
44.269
44.275
44.281
44.287
44.293
44.299
44.305
44.312
44.318
44.324
44.33
44.336
44.342
44.348
44.354
44.36
44.366
44.373
44.379
44.385
44.391
44.397
44.403
44.409
44.415
44.421
44.427
44.434
44.44
44.446
44.452
44.458
44.464
44.47
44.476
44.482
44.489
44.495
44.501
44.507
44.513
44.519
44.525
44.531
44.537
44.543
44.55
44.556
44.562
44.568
44.574
44.58
44.586
44.592
44.598
44.604
44.611
44.617
44.623
44.629
44.635
44.641
44.647
44.653
44.659
44.666
44.672
44.678
44.684
44.69
44.696
44.702
44.708
44.714
44.72
44.727
44.733
44.739
44.745
44.751
44.757
44.763
44.769
44.775
44.781
44.788
44.794
44.8
44.806
44.812
44.818
44.824
44.83
44.836
44.843
44.849
44.855
44.861
44.867
44.873
44.879
44.885
44.891
44.897
44.904
44.91
44.916
44.922
44.928
44.934
44.94
44.946
44.952
44.958
44.965
44.971
44.977
44.983
44.989
44.995
45.001
45.007
45.013
45.02
45.026
45.032
45.038
45.044
45.05
45.056
45.062
45.068
45.074
45.081
45.087
45.093
45.099
45.105
45.111
45.117
45.123
45.129
45.135
45.142
45.148
45.154
45.16
45.166
45.172
45.178
45.184
45.19
45.197
45.203
45.209
45.215
45.221
45.227
45.233
45.239
45.245
45.251
45.258
45.264
45.27
45.276
45.282
45.288
45.294
45.3
45.306
45.313
45.319
45.325
45.331
45.337
45.343
45.349
45.355
45.361
45.367
45.374
45.38
45.386
45.392
45.398
45.404
45.41
45.416
45.422
45.428
45.435
45.441
45.447
45.453
45.459
45.465
45.471
45.477
45.483
45.49
45.496
45.502
45.508
45.514
45.52
45.526
45.532
45.538
45.544
45.551
45.557
45.563
45.569
45.575
45.581
45.587
45.593
45.599
45.605
45.612
45.618
45.624
45.63
45.636
45.642
45.648
45.654
45.66
45.667
45.673
45.679
45.685
45.691
45.697
45.703
45.709
45.715
45.721
45.728
45.734
45.74
45.746
45.752
45.758
45.764
45.77
45.776
45.782
45.789
45.795
45.801
45.807
45.813
45.819
45.825
45.831
45.837
45.844
45.85
45.856
45.862
45.868
45.874
45.88
45.886
45.892
45.898
45.905
45.911
45.917
45.923
45.929
45.935
45.941
45.947
45.953
45.959
45.966
45.972
45.978
45.984
45.99
45.996
46.002
46.008
46.014
46.021
46.027
46.033
46.039
46.045
46.051
46.057
46.063
46.069
46.075
46.082
46.088
46.094
46.1
46.106
46.112
46.118
46.124
46.13
46.136
46.143
46.149
46.155
46.161
46.167
46.173
46.179
46.185
46.191
46.198
46.204
46.21
46.216
46.222
46.228
46.234
46.24
46.246
46.252
46.259
46.265
46.271
46.277
46.283
46.289
46.295
46.301
46.307
46.313
46.32
46.326
46.332
46.338
46.344
46.35
46.356
46.362
46.368
46.375
46.381
46.387
46.393
46.399
46.405
46.411
46.417
46.423
46.429
46.436
46.442
46.448
46.454
46.46
46.466
46.472
46.478
46.484
46.49
46.497
46.503
46.509
46.515
46.521
46.527
46.533
46.539
46.545
46.552
46.558
46.564
46.57
46.576
46.582
46.588
46.594
46.6
46.606
46.613
46.619
46.625
46.631
46.637
46.643
46.649
46.655
46.661
46.667
46.674
46.68
46.686
46.692
46.698
46.704
46.71
46.716
46.722
46.729
46.735
46.741
46.747
46.753
46.759
46.765
46.771
46.777
46.783
46.79
46.796
46.802
46.808
46.814
46.82
46.826
46.832
46.838
46.844
46.851
46.857
46.863
46.869
46.875
46.881
46.887
46.893
46.899
46.906
46.912
46.918
46.924
46.93
46.936
46.942
46.948
46.954
46.96
46.967
46.973
46.979
46.985
46.991
46.997
47.003
47.009
47.015
47.021
47.028
47.034
47.04
47.046
47.052
47.058
47.064
47.07
47.076
47.083
47.089
47.095
47.101
47.107
47.113
47.119
47.125
47.131
47.137
47.144
47.15
47.156
47.162
47.168
47.174
47.18
47.186
47.192
47.198
47.205
47.211
47.217
47.223
47.229
47.235
47.241
47.247
47.253
47.26
47.266
47.272
47.278
47.284
47.29
47.296
47.302
47.308
47.314
47.321
47.327
47.333
47.339
47.345
47.351
47.357
47.363
47.369
47.375
47.382
47.388
47.394
47.4
47.406
47.412
47.418
47.424
47.43
47.437
47.443
47.449
47.455
47.461
47.467
47.473
47.479
47.485
47.491
47.498
47.504
47.51
47.516
47.522
47.528
47.534
47.54
47.546
47.552
47.559
47.565
47.571
47.577
47.583
47.589
47.595
47.601
47.607
47.614
47.62
47.626
47.632
47.638
47.644
47.65
47.656
47.662
47.668
47.675
47.681
47.687
47.693
47.699
47.705
47.711
47.717
47.723
47.729
47.736
47.742
47.748
47.754
47.76
47.766
47.772
47.778
47.784
47.791
47.797
47.803
47.809
47.815
47.821
47.827
47.833
47.839
47.845
47.852
47.858
47.864
47.87
47.876
47.882
47.888
47.894
47.9
47.906
47.913
47.919
47.925
47.931
47.937
47.943
47.949
47.955
47.961
47.968
47.974
47.98
47.986
47.992
47.998
48.004
48.01
48.016
48.022
48.029
48.035
48.041
48.047
48.053
48.059
48.065
48.071
48.077
48.083
48.09
48.096
48.102
48.108
48.114
48.12
48.126
48.132
48.138
48.145
48.151
48.157
48.163
48.169
48.175
48.181
48.187
48.193
48.199
48.206
48.212
48.218
48.224
48.23
48.236
48.242
48.248
48.254
48.26
48.267
48.273
48.279
48.285
48.291
48.297
48.303
48.309
48.315
48.322
48.328
48.334
48.34
48.346
48.352
48.358
48.364
48.37
48.376
48.383
48.389
48.395
48.401
48.407
48.413
48.419
48.425
48.431
48.438
48.444
48.45
48.456
48.462
48.468
48.474
48.48
48.486
48.492
48.499
48.505
48.511
48.517
48.523
48.529
48.535
48.541
48.547
48.553
48.56
48.566
48.572
48.578
48.584
48.59
48.596
48.602
48.608
48.615
48.621
48.627
48.633
48.639
48.645
48.651
48.657
48.663
48.669
48.676
48.682
48.688
48.694
48.7
48.706
48.712
48.718
48.724
48.73
48.737
48.743
48.749
48.755
48.761
48.767
48.773
48.779
48.785
48.792
48.798
48.804
48.81
48.816
48.822
48.828
48.834
48.84
48.846
48.853
48.859
48.865
48.871
48.877
48.883
48.889
48.895
48.901
48.907
48.914
48.92
48.926
48.932
48.938
48.944
48.95
48.956
48.962
48.969
48.975
48.981
48.987
48.993
48.999
49.005
49.011
49.017
49.023
49.03
49.036
49.042
49.048
49.054
49.06
49.066
49.072
49.078
49.084
49.091
49.097
49.103
49.109
49.115
49.121
49.127
49.133
49.139
49.146
49.152
49.158
49.164
49.17
49.176
49.182
49.188
49.194
49.2
49.207
49.213
49.219
49.225
49.231
49.237
49.243
49.249
49.255
49.261
49.268
49.274
49.28
49.286
49.292
49.298
49.304
49.31
49.316
49.323
49.329
49.335
49.341
49.347
49.353
49.359
49.365
49.371
49.377
49.384
49.39
49.396
49.402
49.408
49.414
49.42
49.426
49.432
49.438
49.445
49.451
49.457
49.463
49.469
49.475
49.481
49.487
49.493
49.5
49.506
49.512
49.518
49.524
49.53
49.536
49.542
49.548
49.554
49.561
49.567
49.573
49.579
49.585
49.591
49.597
49.603
49.609
49.615
49.622
49.628
49.634
49.64
49.646
49.652
49.658
49.664
49.67
49.677
49.683
49.689
49.695
49.701
49.707
49.713
49.719
49.725
49.731
49.738
49.744
49.75
49.756
49.762
49.768
49.774
49.78
49.786
49.792
49.799
49.805
49.811
49.817
49.823
49.829
49.835
49.841
49.847
49.854
49.86
49.866
49.872
49.878
49.884
49.89
49.896
49.902
49.908
49.915
49.921
49.927
49.933
49.939
49.945
49.951
49.957
49.963
49.969
49.976
49.982
49.988
49.994
50