0	-7.143
0.02	8.574
0.04	10.492
0.06	3.26
0.08	-6.192
0.1	-5.768
0.12	1.763
0.14	1.753
0.16	0.838
0.18	0.911
0.2	-7.058
0.22	-4.839
0.24	3.546
0.26	7.311
0.28	3.131
0.3	-6.959
0.32	-2.605
0.34	1.214
0.36	2.519
0.38	-1.722
0.4	-8.23
0.42	-2.819
0.44	2.983
0.46	8.54
0.48	7.518
0.5	0.693
0.52	2.144
0.54	4.235
0.56	7.552
0.58	1.559
0.6	-5.831
0.62	3.051
0.64	8.405
0.66	6.515
0.68	3.594
0.7	-7.498
0.72	-11.075
0.74	-5.294
0.76	-11.278
0.78	-17.785
0.8	-17.911
0.82	-6.174
0.84	11.965
0.86	16.001
0.88	5.042
0.9	0.448
0.92	4.363
0.94	3.891
0.96	-1.164
0.98	-1.316
1	2.879
1.02	6.691
1.04	-2.341
1.06	-15.651
1.08	-14.27
1.1	-6.433
1.12	-2.547
1.14	-1.931
1.16	-0.755
1.18	7.658
1.2	14.125
1.22	-5.414
1.24	-17.905
1.26	-6.693
1.28	6.945
1.3	0.122
1.32	-9.801
1.34	-5.057
1.36	1.909
1.38	6.239
1.4	7.034
1.42	0.818
1.44	-7.57
1.46	-12.41
1.48	-13.006
1.5	-9.961
1.52	0.754
1.54	4.315
1.56	-3.036
1.58	-3.072
1.6	-0.662
1.62	-6.725
1.64	-1.757
1.66	18.194
1.68	27.816
1.7	14.966
1.72	5.442
1.74	11.568
1.76	11.796
1.78	-0.662
1.8	-17.409
1.82	-19.28
1.84	-0.502
1.86	7.711
1.88	-5.809
1.9	-6.156
1.92	2.776
1.94	7.296
1.96	-1.269
1.98	-29.941
2	-31.026
2.02	-7.191
2.04	5.629
2.06	8.132
2.08	0.166
2.1	0.157
2.12	13.677
2.14	18.268
2.16	16.723
2.18	4.192
2.2	-9.888
2.22	-10.468
2.24	-11.209
2.26	-13.789
2.28	-9.392
2.3	-10.663
2.32	-10.613
2.34	3.306
2.36	25.651
2.38	31.145
2.4	8.424
2.42	-15.377
2.44	-11.603
2.46	3.068
2.48	-9.208
2.5	-31.529
2.52	-28.587
2.54	-12.594
2.56	-3.076
2.58	9.222
2.6	33.205
2.62	58.912
2.64	49.291
2.66	10.792
2.68	2.879
2.7	0.05
2.72	-20.099
2.74	-30.522
2.76	-39.503
2.78	-37.642
2.8	-8.685
2.82	2.144
2.84	-9.56
2.86	-16.494
2.88	-15.723
2.9	-8.385
2.92	-4.764
2.94	-7.122
2.96	-3.666
2.98	7.882
3	23.533
3.02	17.887
3.04	-14.092
3.06	-23.516
3.08	-7.254
3.1	-10.269
3.12	-16.952
3.14	2.772
3.16	29.96
3.18	26.096
3.2	4.897
3.22	-6.197
3.24	-16.41
3.26	-17.205
3.28	5.576
3.3	35.352
3.32	29.26
3.34	-20.078
3.36	-52.527
3.38	-32.446
3.4	-6.933
3.42	-17.664
3.44	-22.373
3.46	-4.009
3.48	9.019
3.5	10.938
3.52	11.817
3.54	13.523
3.56	11.559
3.58	3.961
3.6	4.169
3.62	-4.554
3.64	-4.336
3.66	22.913
3.68	26.513
3.7	3.138
3.72	4.17
3.74	22.491
3.76	10.861
3.78	-11.422
3.8	-4.138
3.82	16.043
3.84	25.294
3.86	26.417
3.88	-1.879
3.9	-28.59
3.92	-7.976
3.94	18.232
3.96	12.266
3.98	-7.956
4	-17.329
4.02	-7.694
4.04	12.481
4.06	13.846
4.08	-4.988
4.1	-11.103
4.12	4.614
4.14	25.985
4.16	29.832
4.18	2.989
4.2	-11.745
4.22	-3.935
4.24	-1.301
4.26	-9.593
4.28	-21.578
4.3	-24.099
4.32	-14.119
4.34	0.644
4.36	12.345
4.38	20.729
4.4	8.094
4.42	-16.809
4.44	-19.974
4.46	-3.253
4.48	-7.044
4.5	-20.14
4.52	-10.677
4.54	9.56
4.56	26.807
4.58	32.048
4.6	8.509
4.62	-7.825
4.64	1.175
4.66	24.462
4.68	48.064
4.7	43.21
4.72	0.452
4.74	-43.872
4.76	-65.763
4.78	-34.407
4.8	-14.709
4.82	-12.468
4.84	13.846
4.86	24.943
4.88	1.176
4.9	-14.046
4.92	8.046
4.94	11.241
4.96	-5.98
4.98	-6.593
5	12.094
5.02	-1.762
5.04	-36.864
5.06	-13.329
5.08	46.331
5.1	37.034
5.12	-22.092
5.14	-40.331
5.16	-23.369
5.18	-2.018
5.2	-4.4
5.22	-26.204
5.24	-23.671
5.26	-1.515
5.28	22.586
5.3	40.671
5.32	20.268
5.34	-2.851
5.36	1.142
5.38	1.534
5.4	-12.832
5.42	-13.563
5.44	7.914
5.46	16.752
5.48	8.558
5.5	18.064
5.52	21.558
5.54	-8.503
5.56	-30.743
5.58	-11.386
5.6	17.155
5.62	11.037
5.64	-3.965
5.66	-12.997
5.68	-12.142
5.7	6.55
5.72	19.761
5.74	1.379
5.76	-38.529
5.78	-43.91
5.8	1.789
5.82	27.516
5.84	9.506
5.86	0.668
5.88	7.596
5.9	4.427
5.92	-10.251
5.94	-4.602
5.96	18.341
5.98	14.548
6	5.179
6.02	8.991
6.04	16.315
6.06	6.363
6.08	-16.977
6.1	-8.503
6.12	22.158
6.14	41.25
6.16	18.561
6.18	3.451
6.2	21.07
6.22	21.628
6.24	-0.247
6.26	-29.209
6.28	-34.397
6.3	-15.685
6.32	-20.716
6.34	-34.201
6.36	-19.779
6.38	-28.714
6.4	-44.837
6.42	-22.846
6.44	10.39
6.46	28.402
6.48	35.558
6.5	52.3
6.52	57.079
6.54	24.355
6.56	-30.111
6.58	-41.698
6.6	-8.74
6.62	24.065
6.64	34.579
6.66	21.065
6.68	-0.938
6.7	-26.357
6.72	-26.928
6.74	0.398
6.76	31.237
6.78	19.823
6.8	-14.262
6.82	-13.235
6.84	-1.172
6.86	2.025
6.88	2.909
6.9	-12.088
6.92	-9.555
6.94	17.4
6.96	29.147
6.98	15.796
7	-2.722
7.02	-11.35
7.04	-8.192
7.06	-3.573
7.08	5.295
7.1	23.438
7.12	24.421
7.14	-3.966
7.16	-37.074
7.18	-38.256
7.2	-26.871
7.22	-47.405
7.24	-56.402
7.26	-48.005
7.28	-46.981
7.3	-27.96
7.32	22.088
7.34	67.488
7.36	64.212
7.38	23.099
7.4	-4.801
7.42	-2.676
7.44	-5.297
7.46	-24.441
7.48	-32.68
7.5	-10.929
7.52	26.099
7.54	33.585
7.56	11.064
7.58	19.166
7.6	40.803
7.62	20.93
7.64	-17.74
7.66	-23.772
7.68	-13.253
7.7	-8.551
7.72	1.492
7.74	-24.778
7.76	-51.606
7.78	-33.912
7.8	-7.927
7.82	17.22
7.84	18.337
7.86	6.923
7.88	1.86
7.9	-21.153
7.92	-42.241
7.94	-37.368
7.96	-23.264
7.98	-4.613
8	40.719
8.02	62.578
8.04	37.554
8.06	20.626
8.08	20.026
8.1	5.849
8.12	-18.813
8.14	-20.572
8.16	-17.057
8.18	-30.887
8.2	-33.013
8.22	-26.617
8.24	-23.526
8.26	-8.376
8.28	13.615
8.3	13.814
8.32	-1.11
8.34	-3.522
8.36	15.136
8.38	12.905
8.4	-16.581
8.42	-15.511
8.44	10.882
8.46	24.952
8.48	23.932
8.5	8.236
8.52	1.053
8.54	8.805
8.56	13.421
8.58	-4.217
8.6	-21.671
8.62	3.729
8.64	27.203
8.66	-3.156
8.68	-27.435
8.7	-22.443
8.72	-19.69
8.74	-15.094
8.76	-6.383
8.78	4.727
8.8	7.268
8.82	0.476
8.84	7.398
8.86	24.327
8.88	23.484
8.9	7.467
8.92	-5.476
8.94	1.372
8.96	16.209
8.98	23.576
9	15.204
9.02	1.808
9.04	4.418
9.06	7.576
9.08	7.577
9.1	4.1
9.12	-11.089
9.14	-7.381
9.16	15.287
9.18	15.311
9.2	15.195
9.22	15.126
9.24	-3.989
9.26	2.151
9.28	26.869
9.3	32.99
9.32	31.429
9.34	14.568
9.36	2.403
9.38	4.626
9.4	10.671
9.42	-1.025
9.44	-39.395
9.46	-30.643
9.48	23.398
9.5	55.699
9.52	32.089
9.54	-6.802
9.56	-17.739
9.58	-56.41
9.6	-89.946
9.62	-60.814
9.64	-7.723
9.66	16.968
9.68	20.821
9.7	39.545
9.72	71.262
9.74	59.846
9.76	-13.002
9.78	-56.044
9.8	-26.083
9.82	22.753
9.84	11.912
9.86	-47.269
9.88	-60.769
9.9	-23.223
9.92	26.06
9.94	72.449
9.96	58.479
9.98	24.12
10	22.47
10.02	12.015
10.04	-16.329
10.06	-50.014
10.08	-56.005
10.1	-27.781
10.12	-23.043
10.14	-14.133
10.16	22.531
10.18	59.804
10.2	57.573
10.22	6.523
10.24	-30.918
10.26	-52.66
10.28	-40.06
10.3	2.717
10.32	19.368
10.34	27.263
10.36	64.242
10.38	95.783
10.4	79.408
10.42	40.048
10.44	0.334
10.46	-26.327
10.48	-26.603
10.5	-18.537
10.52	-22.936
10.54	-26.696
10.56	-13.363
10.58	3.864
10.6	-5.215
10.62	-30.023
10.64	-30.903
10.66	-8.977
10.68	24.222
10.7	53.357
10.72	62.693
10.74	39.37
10.76	-2.17
10.78	-7.257
10.8	21.003
10.82	50.926
10.84	24.059
10.86	-41.953
10.88	-34.756
10.9	3.113
10.92	26.817
10.94	62.36
10.96	78.935
10.98	57.557
11	12.611
11.02	-18.011
11.04	-16.773
11.06	-5.9
11.08	2.83
11.1	-8.486
11.12	-51.63
11.14	-110.087
11.16	-126.741
11.18	-91.817
11.2	-68.843
11.22	-81.504
11.24	-65.25
11.26	-21.041
11.28	27.913
11.3	69.366
11.32	72.435
11.34	75.235
11.36	45.052
11.38	-8.955
11.4	-9.3
11.42	17.588
11.44	39.033
11.46	42.351
11.48	19.815
11.5	-8.32
11.52	-34.62
11.54	-46.166
11.56	-20.196
11.58	28.923
11.6	78.824
11.62	75.352
11.64	16.733
11.66	-48.101
11.68	-83.461
11.7	-70.353
11.72	-46.741
11.74	-50.676
11.76	-56.733
11.78	-41.647
11.8	-23.071
11.82	-0.735
11.84	28.838
11.86	55.195
11.88	43.477
11.9	4.351
11.92	-15.295
11.94	14.614
11.96	62.779
11.98	71.192
12	36.319
12.02	-11.034
12.04	-55.974
12.06	-106.017
12.08	-80.905
12.1	22.108
12.12	23.916
12.14	-60.022
12.16	-48.053
12.18	22.547
12.2	75.199
12.22	44.088
12.24	-17.557
12.26	-7.132
12.28	13.633
12.3	13.706
12.32	5.865
12.34	-10.92
12.36	-51.688
12.38	-41.955
12.4	18.553
12.42	6.2
12.44	-25.97
12.46	5.436
12.48	17.272
12.5	-29.545
12.52	-19.746
12.54	49.247
12.56	66.235
12.58	14.409
12.6	-5.617
12.62	40.462
12.64	82.592
12.66	76.446
12.68	54.944
12.7	51.942
12.72	5.646
12.74	-56.255
12.76	-45.448
12.78	2.153
12.8	-3.675
12.82	-60.016
12.84	-64.792
12.86	-17.4
12.88	1.757
12.9	12.694
12.92	28.214
12.94	4.714
12.96	-26.824
12.98	-64.882
13	-89.858
13.02	-50.911
13.04	17.134
13.06	20.886
13.08	16.436
13.1	56.397
13.12	45.176
13.14	-2.538
13.16	-28.609
13.18	-39.669
13.2	-44.836
13.22	-21.705
13.24	19.574
13.26	36.822
13.28	6.541
13.3	-32.206
13.32	-23.768
13.34	10.581
13.36	28.214
13.38	35.962
13.4	14.68
13.42	-3.812
13.44	-5.414
13.46	-9.052
13.48	1.354
13.5	6.971
13.52	8.608
13.54	10.983
13.56	-14.514
13.58	-20.577
13.6	-17.066
13.62	-21.106
13.64	12.167
13.66	2.745
13.68	-29.812
13.7	-10.827
13.72	-0.501
13.74	6.304
13.76	53.138
13.78	65.51
13.8	18.179
13.82	-5.087
13.84	3.637
13.86	10.168
13.88	9.269
13.9	-11.054
13.92	-47.966
13.94	-51.678
13.96	-34.95
13.98	-27.478
14	-1.005
14.02	37.558
14.04	44.953
14.06	20.369
14.08	-37.173
14.1	-70.145
14.12	-21.849
14.14	34.807
14.16	35.895
14.18	3.194
14.2	-19.768
14.22	-8.838
14.24	24.436
14.26	37.654
14.28	12.301
14.3	-25.096
14.32	-20.36
14.34	2.481
14.36	-10.815
14.38	-22.072
14.4	7.918
14.42	31.813
14.44	7.014
14.46	-12.873
14.48	19.237
14.5	17.93
14.52	-33.484
14.54	-20.555
14.56	43.792
14.58	55.472
14.6	20.617
14.62	-19.666
14.64	-36.455
14.66	-15.905
14.68	-22.337
14.7	-54.744
14.72	-34.852
14.74	22.582
14.76	29.788
14.78	1.81
14.8	5.766
14.82	11.546
14.84	-23.729
14.86	-64.941
14.88	-46.107
14.9	13.457
14.92	65.759
14.94	71.242
14.96	26.635
14.98	-15.241
15	-25.459
15.02	-12.752
15.04	15.225
15.06	24.877
15.08	-10.024
15.1	-19.763
15.12	11.879
15.14	4.316
15.16	-27.417
15.18	-39.069
15.2	-42.518
15.22	-32.982
15.24	-10.647
15.26	-2.348
15.28	8.041
15.3	30.431
15.32	50.744
15.34	33.388
15.36	-19.702
15.38	-55.92
15.4	-66.655
15.42	-61.501
15.44	-35.793
15.46	-21.872
15.48	-21.287
15.5	5.362
15.52	39.011
15.54	51.57
15.56	67.616
15.58	76.223
15.6	49.936
15.62	16.498
15.64	11.149
15.66	28.557
15.68	34.538
15.7	14.299
15.72	-16.935
15.74	-19.307
15.76	4.887
15.78	-11.917
15.8	-49.004
15.82	-41.621
15.84	-29.636
15.86	-19.044
15.88	-5.895
15.9	-7.148
15.92	9.178
15.94	29.074
15.96	35.916
15.98	38.397
16	31.509
16.02	7.123
16.04	-25.146
16.06	-33.091
16.08	-18.521
16.1	-42.276
16.12	-75.263
16.14	-60.005
16.16	-30.558
16.18	8.003
16.2	39.311
16.22	13.431
16.24	-22.872
16.26	-24.406
16.28	-13.176
16.3	-13.808
16.32	-25.362
16.34	-20.947
16.36	8.16
16.38	40.516
16.4	29.668
16.42	22.508
16.44	47.618
16.46	21.464
16.48	-22.2
16.5	-4.307
16.52	32.745
16.54	42.526
16.56	42.372
16.58	5.664
16.6	-52.093
16.62	-61.276
16.64	-36.595
16.66	-28.947
16.68	-47.335
16.7	-38.838
16.72	-4.345
16.74	26.183
16.76	29.576
16.78	9.496
16.8	-5.173
16.82	-2.732
16.84	15.837
16.86	45.782
16.88	62.55
16.9	42.703
16.92	12.28
16.94	3.355
16.96	17.547
16.98	22.692
17	3.226
17.02	-37.335
17.04	-48.242
17.06	-44.075
17.08	-57.244
17.1	-49.047
17.12	-21.639
17.14	-9.433
17.16	-8.058
17.18	14.381
17.2	37.114
17.22	47.266
17.24	42.349
17.26	11.136
17.28	-19.565
17.3	-17.491
17.32	8.827
17.34	12.689
17.36	-7.908
17.38	-30.245
17.4	-2.47
17.42	26.342
17.44	30.122
17.46	37.711
17.48	32.211
17.5	6.998
17.52	-33.658
17.54	-27.183
17.56	28.687
17.58	61.193
17.6	60.924
17.62	10.617
17.64	-81.703
17.66	-89.703
17.68	-25.462
17.7	7.442
17.72	3.997
17.74	4.513
17.76	29.302
17.78	51.153
17.8	-9.677
17.82	-82.553
17.84	-43.475
17.86	4.787
17.88	-24.553
17.9	-58.325
17.92	-21.986
17.94	47.278
17.96	49.332
17.98	17.938
18	27.702
18.02	36.991
18.04	36.364
18.06	56.312
18.08	53.634
18.1	16.778
18.12	-21.71
18.14	-13.783
18.16	-9.858
18.18	-50.756
18.2	-65.21
18.22	-38.306
18.24	-43.628
18.26	-87.205
18.28	-60.155
18.3	32.532
18.32	68.779
18.34	43
18.36	30.509
18.38	69.661
18.4	131.46
18.42	178.951
18.44	168.246
18.46	112.161
18.48	14.597
18.5	-92.101
18.52	-111.91
18.54	-110.31
18.56	-118.978
18.58	-79.555
18.6	-16.202
18.62	11.242
18.64	-39.949
18.66	-77.423
18.68	-19.54
18.7	28.698
18.72	-1.245
18.74	-17.268
18.76	14.636
18.78	39.772
18.8	49.664
18.82	69.722
18.84	99.794
18.86	78.375
18.88	-2.473
18.9	-72.539
18.92	-48.672
18.94	10.341
18.96	0.75
18.98	-56.926
19	-53.67
19.02	4.465
19.04	42.373
19.06	-45.06
19.08	-34.508
19.1	36.446
19.12	23.357
19.14	-1.061
19.16	-4.683
19.18	27.846
19.2	67.337
19.22	86.329
19.24	50.218
19.26	-1.299
19.28	-40.73
19.3	-41.167
19.32	-0.696
19.34	41.262
19.36	45.216
19.38	9.926
19.4	-23.645
19.42	-22.8
19.44	-7.594
19.46	10.014
19.48	11.765
19.5	-24.109
19.52	-52.68
19.54	-21.038
19.56	45.272
19.58	92.122
19.6	55.828
19.62	-6.465
19.64	9.052
19.66	44.437
19.68	-3.788
19.7	-80.765
19.72	-92.527
19.74	-100.725
19.76	-124.182
19.78	-84.678
19.8	-7.116
19.82	69.426
19.84	103.05
19.86	69.088
19.88	27.03
19.9	35.177
19.92	22.746
19.94	-26.611
19.96	16.361
19.98	116.768
20	103.279
20.02	1.857
20.04	-19.415
20.06	-5.776
20.08	-46.316
20.1	-86.821
20.12	-67.194
20.14	-8.867
20.16	18.357
20.18	15.647
20.2	27.842
20.22	39.059
20.24	9.593
20.26	-44.223
20.28	-79.118
20.3	-42.501
20.32	34.594
20.34	44.48
20.36	-9.131
20.38	-42.052
20.4	-41.778
20.42	-21.068
20.44	25.028
20.46	31.683
20.48	-6.659
20.5	6.973
20.52	78.119
20.54	80.636
20.56	31.488
20.58	4.133
20.6	-26.983
20.62	-44.36
20.64	-8.133
20.66	-0.534
20.68	-67.189
20.7	-88.544
20.72	-22.761
20.74	57.936
20.76	54.345
20.78	-31.22
20.8	-62.121
20.82	-0.644
20.84	23.5
20.86	-24.343
20.88	-29.035
20.9	8.532
20.92	31.973
20.94	12.429
20.96	-43.869
20.98	-71.024
21	-38.478
21.02	-5.039
21.04	1.035
21.06	16.193
21.08	11.639
21.1	-1.518
21.12	4.577
21.14	9.841
21.16	27.128
21.18	17.54
21.2	-18.256
21.22	-12.938
21.24	21.508
21.26	22.311
21.28	7.061
21.3	-14.017
21.32	-52.458
21.34	-18.231
21.36	46.611
21.38	23.361
21.4	-46.299
21.42	-56.908
21.44	-2.057
21.46	62.286
21.48	63.505
21.5	2.77
21.52	-29.88
21.54	-5.757
21.56	8.397
21.58	-22.79
21.6	-68.731
21.62	-56.319
21.64	13.928
21.66	37.874
21.68	3.696
21.7	3.463
21.72	33.987
21.74	57.201
21.76	67.945
21.78	55.345
21.8	38.245
21.82	-6.671
21.84	-48.192
21.86	-35.297
21.88	-21.606
21.9	-18.82
21.92	-12.092
21.94	0.21
21.96	-1.055
21.98	-37.182
22	-68.141
22.02	-55.833
22.04	-30.256
22.06	-16.314
22.08	-12.43
22.1	-38.569
22.12	-46.627
22.14	16.698
22.16	66.957
22.18	47.087
22.2	-20.338
22.22	-52.278
22.24	-30.329
22.26	30.565
22.28	75.702
22.3	38.581
22.32	11.613
22.34	48.063
22.36	62.537
22.38	17.314
22.4	-19.158
22.42	-14.948
22.44	-19.112
22.46	-28.304
22.48	-23.41
22.5	-2.039
22.52	36.318
22.54	42.757
22.56	19.135
22.58	7.853
22.6	-19.408
22.62	-51.788
22.64	-50.809
22.66	-25.87
22.68	-19.046
22.7	-11.12
22.72	38.246
22.74	72.459
22.76	56.73
22.78	12.951
22.8	-37.595
22.82	-54.87
22.84	-27.928
22.86	0.546
22.88	8.07
22.9	33.675
22.92	35.555
22.94	-32.384
22.96	-62.966
22.98	-31.834
23	-13.006
23.02	-8.015
23.04	16.578
23.06	16.936
23.08	-36.354
23.1	-38.273
23.12	31.306
23.14	47.096
23.16	13.853
23.18	26.147
23.2	66.838
23.22	93.211
23.24	85.441
23.26	41.153
23.28	3.75
23.3	-25.369
23.32	-50.173
23.34	-47.773
23.36	-39.347
23.38	-49.722
23.4	-47.804
23.42	-31.199
23.44	-46.623
23.46	-66.842
23.48	-37.895
23.5	18.029
23.52	49.62
23.54	8.684
23.56	-47.401
23.58	-36.353
23.6	7.549
23.62	42.478
23.64	42.841
23.66	23.3
23.68	23.109
23.7	23.617
23.72	0.386
23.74	-33.818
23.76	-39.882
23.78	-21.104
23.8	5.734
23.82	12.088
23.84	-2.545
23.86	1.678
23.88	13.735
23.9	27.17
23.92	46.604
23.94	37.204
23.96	11.645
23.98	25.73
24	44.541
24.02	35.813
24.04	21.359
24.06	6.553
24.08	-6.419
24.1	-18.688
24.12	-42.04
24.14	-44.05
24.16	-24.169
24.18	-22.59
24.2	-12.063
24.22	13.163
24.24	22.416
24.26	12.336
24.28	13.081
24.3	12.899
24.32	-6.462
24.34	-16.83
24.36	-0.071
24.38	13.339
24.4	6.701
24.42	10.449
24.44	20.486
24.46	18.739
24.48	3.668
24.5	-13.621
24.52	-9.521
24.54	-10.131
24.56	-22.318
24.58	-10.344
24.6	6.392
24.62	14.337
24.64	2.691
24.66	-8.053
24.68	12.057
24.7	23.359
24.72	15.346
24.74	4.83
24.76	-20.558
24.78	-46.787
24.8	-38.547
24.82	-13.352
24.84	-16.383
24.86	-21.602
24.88	-5.195
24.9	14.93
24.92	24.855
24.94	16.112
24.96	-18.829
24.98	-44.823
25	-37.658
25.02	-1.023
25.04	29.446
25.06	37.945
25.08	41.112
25.1	12.589
25.12	-24.923
25.14	-23.305
25.16	0.225
25.18	-8.842
25.2	-44.792
25.22	-43.601
25.24	-3.443
25.26	23.147
25.28	15.668
25.3	-6.213
25.32	-8.867
25.34	12.149
25.36	23.298
25.38	49.794
25.4	76.414
25.42	64.657
25.44	25.499
25.46	-13.644
25.48	-13.586
25.5	0.815
25.52	-22.627
25.54	-60.451
25.56	-58.505
25.58	-33.675
25.6	-24.168
25.62	-20.652
25.64	6.108
25.66	53.117
25.68	94.263
25.7	95.629
25.72	73.902
25.74	26.668
25.76	-14.464
25.78	-17.049
25.8	-29.437
25.82	-40.167
25.84	-47.369
25.86	-51.298
25.88	-28.479
25.9	-11.062
25.92	-2.106
25.94	7.312
25.96	0.02
25.98	-6.147
26	13.051
26.02	46.287
26.04	48.948
26.06	6.672
26.08	-14.635
26.1	-3.923
26.12	12.548
26.14	18.73
26.16	-8.567
26.18	-33.869
26.2	-17.793
26.22	5.13
26.24	-2.363
26.26	-27.718
26.28	-43.816
26.3	-25.925
26.32	0.809
26.34	-12.899
26.36	-24.06
26.38	-13.6
26.4	-1.329
26.42	11.917
26.44	22.704
26.46	43.145
26.48	53.767
26.5	37.734
26.52	1.524
26.54	-17.742
26.56	-24.274
26.58	-46.129
26.6	-45.889
26.62	-13.179
26.64	23.514
26.66	28.305
26.68	-10.307
26.7	-42.844
26.72	-39.339
26.74	-26.809
26.76	-8.206
26.78	-1.332
26.8	-18.783
26.82	-6.467
26.84	35.486
26.86	57.56
26.88	45.629
26.9	23.193
26.92	-2.331
26.94	-11.749
26.96	7.259
26.98	19.02
27	-21.147
27.02	-60.795
27.04	-21.142
27.06	44.236
27.08	50.099
27.1	37.461
27.12	56.715
27.14	42.901
27.16	-20.739
27.18	-68.759
27.2	-63.689
27.22	-30.019
27.24	11.172
27.26	29.909
27.28	14.196
27.3	-12.755
27.32	-32.001
27.34	-28.971
27.36	-23.738
27.38	-24.334
27.4	-0.063
27.42	44.442
27.44	65.109
27.46	66.979
27.48	61.487
27.5	29.674
27.52	-2.515
27.54	-9.344
27.56	-23.742
27.58	-49.061
27.6	-56.303
27.62	-41.055
27.64	-12.489
27.66	-4.421
27.68	-17.242
27.7	-11.096
27.72	9.771
27.74	24.111
27.76	26.058
27.78	2.922
27.8	-25.993
27.82	-25.455
27.84	-11.389
27.86	-11.1
27.88	-3.853
27.9	6.392
27.92	7.203
27.94	-2.438
27.96	-19.233
27.98	-14.822
28	11.488
28.02	34.951
28.04	20.128
28.06	-5.242
28.08	-6.641
28.1	15.716
28.12	35.274
28.14	31.452
28.16	8.918
28.18	-13.637
28.2	-25.98
28.22	-26.375
28.24	-7.278
28.26	5.301
28.28	2.359
28.3	10.226
28.32	6.951
28.34	-21.008
28.36	-21.063
28.38	-2.328
28.4	-1.714
28.42	8.51
28.44	35.47
28.46	31.745
28.48	17.857
28.5	14.975
28.52	-0.041
28.54	-5.339
28.56	-3.349
28.58	-17.833
28.6	-17.543
28.62	-4.72
28.64	-13.363
28.66	-27.365
28.68	-20.207
28.7	-8.551
28.72	-7.23
28.74	10.715
28.76	44.789
28.78	48.876
28.8	26.503
28.82	19.327
28.84	14.658
28.86	7.348
28.88	21.314
28.9	23.648
28.92	9.572
28.94	21.698
28.96	39.83
28.98	21.158
29	-8.482
29.02	-23.885
29.04	-39.908
29.06	-56.443
29.08	-60.569
29.1	-23.504
29.12	48.113
29.14	62.484
29.16	21.408
29.18	-6.688
29.2	-5.385
29.22	-4.706
29.24	-28.623
29.26	-40.796
29.28	-39.567
29.3	-53.262
29.32	-53.124
29.34	-20.658
29.36	11.463
29.38	35.28
29.4	51.569
29.42	38.698
29.44	27.896
29.46	41.707
29.48	25.405
29.5	-3.35
29.52	-5.432
29.54	12.253
29.56	26.803
29.58	9.649
29.6	-11.836
29.62	-16.853
29.64	-18.887
29.66	-4.518
29.68	10.883
29.7	3.006
29.72	-8.563
29.74	-36.134
29.76	-71.994
29.78	-71.722
29.8	-57.554
29.82	-62.346
29.84	-59.679
29.86	-23.84
29.88	10.833
29.9	23.707
29.92	15.393
29.94	11.118
29.96	34.012
29.98	65.15
30	62.42
30.02	44.915
30.04	17.323
30.06	-0.413
30.08	17.6
30.1	13.367
30.12	-29.053
30.14	-54.211
30.16	-34.252
30.18	7.403
30.2	56.476
30.22	45.938
30.24	5.106
30.26	7.916
30.28	20.745
30.3	-4.904
30.32	-32.026
30.34	-27.46
30.36	-18.523
30.38	-36.039
30.4	-53.205
30.42	-39.276
30.44	-24.012
30.46	-16.073
30.48	2.792
30.5	32.75
30.52	42.179
30.54	17.289
30.56	11.687
30.58	26.583
30.6	-1.107
30.62	-35.805
30.64	-21.818
30.66	-6.4
30.68	-12.996
30.7	-22.179
30.72	-21.364
30.74	16.355
30.76	50.942
30.78	38.166
30.8	16.418
30.82	0.287
30.84	3.331
30.86	23.541
30.88	14.021
30.9	-19.266
30.92	-21.726
30.94	2.001
30.96	23.037
30.98	15.068
31	-17.337
31.02	-43.442
31.04	-39.258
31.06	-10.834
31.08	-7.216
31.1	-13.689
31.12	9.046
31.14	44.71
31.16	46.685
31.18	10.004
31.2	-0.008
31.22	-10.814
31.24	-18.774
31.26	17.619
31.28	52.362
31.3	32.425
31.32	-7.257
31.34	-17.519
31.36	-16.644
31.38	-20.723
31.4	-27.811
31.42	-31.395
31.44	-24.167
31.46	-19.612
31.48	-24.777
31.5	-20.357
31.52	-9.417
31.54	4.769
31.56	30.862
31.58	38.793
31.6	22.634
31.62	2.105
31.64	-7.825
31.66	-15.581
31.68	-39.178
31.7	-60.221
31.72	-42.276
31.74	1.969
31.76	40.481
31.78	58.091
31.8	59.138
31.82	56.369
31.84	37.099
31.86	-4.991
31.88	-20.465
31.9	8.411
31.92	44.937
31.94	43.882
31.96	1.206
31.98	-47.338
32	-72.926
32.02	-65.683
32.04	-33.529
32.06	-7.547
32.08	0.992
32.1	6.152
32.12	21.115
32.14	27.344
32.16	-7.635
32.18	-21.284
32.2	14.483
32.22	25.128
32.24	4.384
32.26	-9.601
32.28	-10.894
32.3	-8.182
32.32	6.63
32.34	21.324
32.36	34.227
32.38	41.674
32.4	27.317
32.42	18.453
32.44	14.919
32.46	12.361
32.48	15.092
32.5	7.968
32.52	-13.226
32.54	-24.35
32.56	-22.934
32.58	-21.757
32.6	-16.596
32.62	-14.542
32.64	-28.22
32.66	-39.904
32.68	-28.708
32.7	4.873
32.72	44.483
32.74	48.976
32.76	21.593
32.78	-0.492
32.8	-6.651
32.82	-22.969
32.84	-27.711
32.86	-6.683
32.88	10.195
32.9	7.314
32.92	-0.22
32.94	6.811
32.96	17.61
32.98	14.911
33	19.17
33.02	42.225
33.04	34.103
33.06	-1.075
33.08	-11.517
33.1	-3.386
33.12	-3.427
33.14	-0.239
33.16	-3.867
33.18	-5.459
33.2	9.804
33.22	10.464
33.24	1.459
33.26	1.999
33.28	-0.643
33.3	-10.307
33.32	-17.003
33.34	-32.036
33.36	-36.792
33.38	-16.544
33.4	9.745
33.42	12.799
33.44	-7.966
33.46	-6.146
33.48	7.225
33.5	-12.896
33.52	-16.462
33.54	12.101
33.56	27.301
33.58	27.492
33.6	32.909
33.62	13.529
33.64	-18.903
33.66	-12.321
33.68	4.738
33.7	-7.158
33.72	-38.112
33.74	-52.92
33.76	-40.898
33.78	-22.168
33.8	-13.959
33.82	-1.148
33.84	24.884
33.86	44.164
33.88	42.158
33.9	23.149
33.92	3.973
33.94	1.156
33.96	17.991
33.98	41.59
34	44.017
34.02	9.424
34.04	-16.708
34.06	-11.721
34.08	2.922
34.1	-1.361
34.12	-27.021
34.14	-30.389
34.16	-20.68
34.18	-32.999
34.2	-32.917
34.22	-8.704
34.24	21.472
34.26	17.85
34.28	-6.207
34.3	-2.395
34.32	2.924
34.34	-3.381
34.36	-15.235
34.38	-47.994
34.4	-58.282
34.42	-24.364
34.44	-10.075
34.46	-20.977
34.48	-16.629
34.5	3.884
34.52	18.224
34.54	24.567
34.56	37.625
34.58	49.241
34.6	42.441
34.62	23.976
34.64	11.425
34.66	7.915
34.68	4.509
34.7	17.769
34.72	24.167
34.74	-8.154
34.76	-27.08
34.78	-19.315
34.8	-12.457
34.82	1.429
34.84	22.468
34.86	15.419
34.88	-1.471
34.9	11.832
34.92	3.169
34.94	-32.465
34.96	-30.298
34.98	9.026
35	26.81
35.02	24.755
35.04	21.641
35.06	2.234
35.08	-14.17
35.1	-22.516
35.12	-26.938
35.14	-14.536
35.16	10.971
35.18	35.879
35.2	33.715
35.22	-1.215
35.24	-19.301
35.26	-11.392
35.28	-16.701
35.3	-22.878
35.32	-18.462
35.34	-17.693
35.36	-20.171
35.38	-19.11
35.4	-5.84
35.42	20.685
35.44	41.407
35.46	35.075
35.48	13.264
35.5	6.115
35.52	-1.685
35.54	-4.048
35.56	14.108
35.58	34.58
35.6	26.769
35.62	-14.463
35.64	-24.412
35.66	2.528
35.68	12.324
35.7	5.512
35.72	5.408
35.74	-6.5
35.76	-31.5
35.78	-43.032
35.8	-40.244
35.82	-23.005
35.84	-14.782
35.86	-23.234
35.88	-22.743
35.9	-15.969
35.92	-12.558
35.94	-11.932
35.96	-5.174
35.98	13.994
36	34.261
36.02	23.527
36.04	-3.775
36.06	-7.653
36.08	7.508
36.1	23.668
36.12	21.781
36.14	6.771
36.16	4.801
36.18	-4.529
36.2	-32.945
36.22	-36.538
36.24	-21.157
36.26	-1.33
36.28	27.959
36.3	44.239
36.32	33.266
36.34	5.049
36.36	-17.53
36.38	-6.745
36.4	8.069
36.42	9.734
36.44	13.322
36.46	20.204
36.48	17.997
36.5	-1.98
36.52	-12.535
36.54	-24.598
36.56	-35.524
36.58	-24.653
36.6	-6.495
36.62	-5.225
36.64	-14.899
36.66	-10.653
36.68	13.394
36.7	43.471
36.72	49.621
36.74	27.751
36.76	16.117
36.78	1.149
36.8	-31.891
36.82	-45.026
36.84	-30.491
36.86	-28.754
36.88	-19.177
36.9	14.984
36.92	26.525
36.94	-4.023
36.96	-22.368
36.98	-2.004
37	5.991
37.02	-9.485
37.04	-4.263
37.06	12.034
37.08	24.601
37.1	46.33
37.12	56.058
37.14	36.942
37.16	0.104
37.18	-27.797
37.2	-32.609
37.22	-33.926
37.24	-38.342
37.26	-20.933
37.28	2.731
37.3	1.353
37.32	-13.6
37.34	-36.924
37.36	-45.476
37.38	-16.464
37.4	14.973
37.42	24.174
37.44	35.6
37.46	39.558
37.48	30.343
37.5	34.005
37.52	50.034
37.54	47.12
37.56	22.569
37.58	-0.867
37.6	-7.196
37.62	1.127
37.64	18.357
37.66	16.522
37.68	-13.699
37.7	-50.06
37.72	-47.986
37.74	-1.277
37.76	14.43
37.78	2.39
37.8	14.13
37.82	24.064
37.84	18.698
37.86	3.256
37.88	-34.939
37.9	-44.21
37.92	-25.168
37.94	-17.037
37.96	-11.98
37.98	-3.476
38	-0.132
38.02	3.304
38.04	-8.342
38.06	-19.997
38.08	-6.485
38.1	7.758
38.12	-3.318
38.14	-11.709
38.16	11.802
38.18	34.139
38.2	21.854
38.22	5.481
38.24	8.177
38.26	7.69
38.28	-4.01
38.3	-18.743
38.32	-17.199
38.34	9.593
38.36	16.326
38.38	-0.96
38.4	-2.467
38.42	1.08
38.44	-8.745
38.46	-24.521
38.48	-29.025
38.5	-34.906
38.52	-38.976
38.54	-24.927
38.56	3.626
38.58	2.95
38.6	-12.221
38.62	-2.978
38.64	9.861
38.66	21.318
38.68	16.986
38.7	19.003
38.72	44.661
38.74	48.918
38.76	23.898
38.78	1.622
38.8	1.277
38.82	22.982
38.84	26.745
38.86	-3.163
38.88	-31.168
38.9	-34.207
38.92	-23.532
38.94	-11.59
38.96	2.767
38.98	-7.192
39	-24.325
39.02	-12.323
39.04	3.252
39.06	10.156
39.08	10.665
39.1	-1.355
39.12	-10.033
39.14	-1.009
39.16	9.739
39.18	15.892
39.2	7.855
39.22	-4.336
39.24	6.507
39.26	4.129
39.28	-8.737
39.3	9.128
39.32	23.939
39.34	17.119
39.36	1.603
39.38	-19.424
39.4	-4.219
39.42	28.192
39.44	14.351
39.46	-2.862
39.48	13.55
39.5	32.85
39.52	28.667
39.54	-2.384
39.56	-21.684
39.58	-5.606
39.6	19.528
39.62	20.826
39.64	-1.252
39.66	-24.016
39.68	-29.14
39.7	-25.68
39.72	-10.673
39.74	31.741
39.76	69.684
39.78	60.368
39.8	16.066
39.82	-41.999
39.84	-69.858
39.86	-57.36
39.88	-21.602
39.9	-0.513
39.92	-17.526
39.94	-36.978
39.96	-34.567
39.98	-18.597
40	-9.072
40.02	-0.694
40.04	3.051
40.06	-16.627
40.08	-37.189
40.1	-30.086
40.12	-3.275
40.14	27.963
40.16	40.162
40.18	20.478
40.2	-0.611
40.22	-0.762
40.24	5.663
40.26	2.387
40.28	-1.625
40.3	17.034
40.32	32.155
40.34	27.528
40.36	32.594
40.38	18.683
40.4	-30.806
40.42	-36.855
40.44	12.804
40.46	34.976
40.48	20.361
40.5	17.929
40.52	37.838
40.54	35.864
40.56	-11.151
40.58	-46.43
40.6	-32.551
40.62	-12.81
40.64	-25.387
40.66	-33.307
40.68	-14.969
40.7	-1.826
40.72	-1.052
40.74	-0.316
40.76	5.067
40.78	14.096
40.8	23.833
40.82	18.548
40.84	-11.997
40.86	-31.318
40.88	-13.318
40.9	19.083
40.92	11.861
40.94	-28.916
40.96	-27.528
40.98	20.852
41	32.89
41.02	16.347
41.04	22.525
41.06	37.911
41.08	43.942
41.1	28.389
41.12	-7.245
41.14	-25.764
41.16	-31.99
41.18	-26.795
41.2	-12.255
41.22	-30.058
41.24	-47.789
41.26	-36.769
41.28	-24.646
41.3	-18.221
41.32	1.78
41.34	36.654
41.36	62.541
41.38	60.068
41.4	34.51
41.42	1.302
41.44	-32.965
41.46	-39.846
41.48	-11.173
41.5	7.819
41.52	-25.905
41.54	-57.157
41.56	-43.473
41.58	-15.565
41.6	13.616
41.62	13.359
41.64	-5.547
41.66	15.714
41.68	36.463
41.7	3.149
41.72	-41.667
41.74	-22.66
41.76	26.604
41.78	22.714
41.8	-25.201
41.82	-49.476
41.84	-45.709
41.86	-19.94
41.88	11.613
41.9	22.708
41.92	32.122
41.94	43.782
41.96	50.572
41.98	62.732
42	67.235
42.02	34.828
42.04	-9.193
42.06	-24.182
42.08	-35.15
42.1	-50.735
42.12	-66.015
42.14	-65.642
42.16	-35.597
42.18	-0.753
42.2	12.492
42.22	9.628
42.24	8.263
42.26	18.049
42.28	26.71
42.3	14.65
42.32	17.677
42.34	31.222
42.36	31.695
42.38	31.214
42.4	15.637
42.42	-4.734
42.44	-1.447
42.46	1.179
42.48	-34.375
42.5	-69.229
42.52	-55.522
42.54	-14.618
42.56	22.049
42.58	16.756
42.6	-2.924
42.62	7.056
42.64	10.695
42.66	18.742
42.68	38.234
42.7	29.227
42.72	2.632
42.74	-0.565
42.76	-6.488
42.78	-29.295
42.8	-41.829
42.82	-35.302
42.84	-2.467
42.86	48.438
42.88	50.159
42.9	-26.624
42.92	-51.046
42.94	9.897
42.96	40.378
42.98	14.011
43	11.597
43.02	39.019
43.04	51.762
43.06	40.739
43.08	-9.967
43.1	-46.14
43.12	-34.153
43.14	-17.018
43.16	-5.953
43.18	-22.208
43.2	-55.754
43.22	-52.072
43.24	-6.516
43.26	33.901
43.28	18.173
43.3	-6.198
43.32	-7.779
43.34	4.858
43.36	21.446
43.38	18.696
43.4	8.998
43.42	-17.507
43.44	-34.732
43.46	-13.253
43.48	15.715
43.5	43.603
43.52	82.836
43.54	76.883
43.56	9.032
43.58	-52.022
43.6	-49.037
43.62	-1.101
43.64	24.948
43.66	1.013
43.68	-20.778
43.7	-13.355
43.72	-8.128
43.74	-3.774
43.76	-2.003
43.78	-2.331
43.8	14.087
43.82	16.712
43.84	-4.053
43.86	9.642
43.88	41.961
43.9	26.418
43.92	-21.745
43.94	-37.274
43.96	-16.254
43.98	15.445
44	60.965
44.02	87.279
44.04	56.536
44.06	4.329
44.08	-32.079
44.1	-56.235
44.12	-60.862
44.14	-49.685
44.16	-5.481
44.18	29.119
44.2	-2.616
44.22	-47.493
44.24	-53.664
44.26	-23.951
44.28	24.02
44.3	33.418
44.32	3.531
44.34	-5.103
44.36	-0.034
44.38	-19.414
44.4	-23.249
44.42	8.208
44.44	47.85
44.46	29.283
44.48	-11.853
44.5	8.193
44.52	39.946
44.54	24.737
44.56	-21.021
44.58	-35.803
44.6	-4.059
44.62	8.762
44.64	-18.925
44.66	-23.346
44.68	13.096
44.7	34.899
44.72	8.087
44.74	-30.907
44.76	-52.058
44.78	-44.586
44.8	-18.208
44.82	15.397
44.84	4.08
44.86	-34.027
44.88	-9.389
44.9	48.706
44.92	49.194
44.94	23.706
44.96	40.383
44.98	56.827
45	25.277
45.02	8.823
45.04	43.908
45.06	71.939
45.08	74.955
45.1	66.959
45.12	44.129
45.14	15.25
45.16	-21.902
45.18	-52.147
45.2	-59.655
45.22	-64.54
45.24	-56.538
45.26	-37.403
45.28	-26.451
45.3	-16.314
45.32	-6.357
45.34	-3.336
45.36	-3.59
45.38	-9.238
45.4	-30.121
45.42	-34.548
45.44	8.923
45.46	52.666
45.48	33.454
45.5	-14.444
45.52	-11.216
45.54	10.869
45.56	-11.531
45.58	-47.939
45.6	-37.33
45.62	22.467
45.64	80.483
45.66	93.516
45.68	47.266
45.7	-21.875
45.72	-15.077
45.74	45.207
45.76	82.419
45.78	83.958
45.8	48.471
45.82	-14.485
45.84	-47.777
45.86	-35.97
45.88	-21.517
45.9	-22.304
45.92	16.536
45.94	6.319
45.96	-59.662
45.98	-86.599
46	-98.162
46.02	-74.515
46.04	-27.452
46.06	-17.367
46.08	-11.115
46.1	18.466
46.12	26.66
46.14	18.381
46.16	26.738
46.18	21.909
46.2	2.303
46.22	17.656
46.24	58.182
46.26	66.775
46.28	16.837
46.3	-51.667
46.32	-57.575
46.34	-21.921
46.36	-16.779
46.38	-32.154
46.4	-27.938
46.42	-12.61
46.44	9.398
46.46	21.029
46.48	16.759
46.5	20.973
46.52	5.264
46.54	-36.042
46.56	-47.979
46.58	-42.855
46.6	-51.578
46.62	-49.469
46.64	-1.736
46.66	62.782
46.68	63.061
46.7	9.149
46.72	-2.196
46.74	31.046
46.76	45.581
46.78	27.04
46.8	-17.463
46.82	-31.101
46.84	-18.213
46.86	-16.837
46.88	-21.314
46.9	-17.429
46.92	8.941
46.94	37.23
46.96	25.224
46.98	-14.81
47	-28.61
47.02	-23.998
47.04	-15.381
47.06	4.139
47.08	34.305
47.1	62.9
47.12	53.099
47.14	16.765
47.16	-13.386
47.18	-30.776
47.2	-42.164
47.22	-51.277
47.24	-35.634
47.26	33.427
47.28	77.787
47.3	53.643
47.32	12.779
47.34	-13.159
47.36	-10.348
47.38	-18.297
47.4	-62.212
47.42	-49.46
47.44	18.619
47.46	29.453
47.48	-13.296
47.5	-44.149
47.52	-41.985
47.54	-19.243
47.56	-10.869
47.58	-18.359
47.6	-10.257
47.62	9.731
47.64	21.747
47.66	9.787
47.68	-2.869
47.7	24.011
47.72	55.448
47.74	27.799
47.76	-22.591
47.78	-19.839
47.8	9.731
47.82	26.63
47.84	52.879
47.86	82.345
47.88	53.859
47.9	-1.725
47.92	12.72
47.94	43.593
47.96	4.335
47.98	-52.874
48	-34.112
48.02	21.949
48.04	9.351
48.06	-51.272
48.08	-57.036
48.1	-38.371
48.12	-30.076
48.14	-24.163
48.16	-24.869
48.18	-45.637
48.2	-43.834
48.22	-9.127
48.24	-7.61
48.26	-40.303
48.28	-10.585
48.3	82.382
48.32	61.224
48.34	-34.972
48.36	-76.71
48.38	-27.273
48.4	80.249
48.42	122.867
48.44	58.312
48.46	-8.259
48.48	-9.757
48.5	18.053
48.52	9.729
48.54	-44.293
48.56	-63.141
48.58	-19.103
48.6	23.932
48.62	10.84
48.64	-32.632
48.66	-30.298
48.68	-2.028
48.7	3.729
48.72	-7.068
48.74	-44.537
48.76	-69.314
48.78	-43.372
48.8	24.213
48.82	55.017
48.84	18.436
48.86	-9.981
48.88	1.873
48.9	21.436
48.92	7.053
48.94	-23.481
48.96	-23.18
48.98	-9.727
49	-14.17
49.02	-24.418
49.04	-17.944
49.06	-18.248
49.08	-10.975
49.1	18.775
49.12	19.569
49.14	-8.138
49.16	-20.906
49.18	-8.278
49.2	22.371
49.22	29.385
49.24	-0.57
49.26	-6.274
49.28	16.231
49.3	29.098
49.32	35.676
49.34	30.141
49.36	3.717
49.38	-3.907
49.4	0.454
49.42	2.34
49.44	-6.758
49.46	-23.442
49.48	-23.457
49.5	-5.314
49.52	14.158
49.54	7.522
49.56	-5.358
49.58	-3.41
49.6	-3.128
49.62	7.498
49.64	13.993
49.66	-11.004
49.68	-26.389
49.7	-14.625
49.72	-8.916
49.74	-7.891
49.76	-11.212
49.78	-14.146
49.8	5.334
49.82	25.58
49.84	24.445
49.86	7.78
49.88	-5.161
49.9	6.724
49.92	14.701
49.94	-10.784
49.96	-16.054
49.98	24.089
50	56.299
50.02	45.255
50.04	10.315
50.06	-25.271
50.08	-43.563
50.1	-9.457
50.12	13.116
50.14	0.582
50.16	1.918
50.18	1.252
50.2	-9.11
50.22	-18.958
50.24	-19.752
50.26	-8.848
50.28	-11.765
50.3	-19.568
50.32	-32.405
50.34	-37.493
50.36	-17.035
50.38	-2.541
50.4	-10.323
50.42	-8.227
50.44	22.579
50.46	40.279
50.48	25.115
50.5	18.314
50.52	23.585
50.54	14.686
50.56	17.89
50.58	36.171
50.6	42.488
50.62	14.09
50.64	-9.564
50.66	-2.976
50.68	-4.7
50.7	-12.742
50.72	-14.848
50.74	-0.37
50.76	26.846
50.78	31.737
50.8	16.854
50.82	19.167
50.84	26.022
50.86	14.807
50.88	6.182
50.9	7.044
50.92	-12.094
50.94	-47.454
50.96	-36.953
50.98	11.167
51	38.29
51.02	38.199
51.04	33.784
51.06	35.694
51.08	30.759
51.1	-0.243
51.12	-41.708
51.14	-50.63
51.16	-30.479
51.18	-8.52
51.2	9.845
51.22	8.405
51.24	-8.41
51.26	-23.395
51.28	-34.21
51.3	-28.028
51.32	-21.892
51.34	-25.557
51.36	-23.872
51.38	-25.175
51.4	-39.103
51.42	-33.288
51.44	25.109
51.46	82.41
51.48	73.587
51.5	35.065
51.52	11.763
51.54	-10.829
51.56	-42.692
51.58	-64.497
51.6	-48.45
51.62	-26.304
51.64	-1.063
51.66	27.63
51.68	27.819
51.7	15.847
51.72	8.489
51.74	8.135
51.76	26.496
51.78	24.884
51.8	6.67
51.82	9.114
51.84	17.913
51.86	16.909
51.88	6.39
51.9	4.647
51.92	2.828
51.94	-14.623
51.96	-21.499
51.98	-10.67
52	-0.511
52.02	2.952
52.04	-4.138
52.06	-13.986
52.08	-2.329
52.1	23.847
52.12	33.025
52.14	7.526
52.16	-3.564
52.18	14.061
52.2	15.617
52.22	-2.637
52.24	-10.022
52.26	-6.643
52.28	0.897
52.3	-0.156
52.32	-14.615
52.34	-18.736
52.36	-17.638
52.38	-21.985
52.4	-21.758
52.42	0.4
52.44	12.301
52.46	-2.736
52.48	-0.108
52.5	10.677
52.52	-2.79
52.54	-21.296
52.56	-22.435
52.58	-12.103
52.6	-5.941
52.62	3.871
52.64	4.131
52.66	-19.639
52.68	-36.996
52.7	-35.109
52.72	-4.201
52.74	22.069
52.76	14.077
52.78	11.571
52.8	19.082
52.82	7.028
52.84	-2.707
52.86	10.252
52.88	20.944
52.9	17.83
52.92	14.249
52.94	15.785
52.96	16.563
52.98	9.439
53	5.636
53.02	8.954
53.04	27.308
53.06	38.299
53.08	-0.743
53.1	-30.589
53.12	-29.785
53.14	-0.614
53.16	25.548
53.18	16.118
53.2	7.621
53.22	-1.375
53.24	-10.886
53.26	2.637
53.28	23.058
53.3	21.083
53.32	-6.605
53.34	-28.727
53.36	-28.817
53.38	-24.276
53.4	-26.87
53.42	-15.462
53.44	-1.242
53.46	-2.84
53.48	-10.662
53.5	-13.779
53.52	6.888
53.54	29.3
53.56	33.857
53.58	25.962
53.6	-8.999
53.62	-32.38
53.64	-28.883
53.66	-30.974
53.68	-38.707
53.7	-41.619
53.72	-26.077
53.74	-1.924
53.76	3.712
53.78	11.218
53.8	34.711
53.82	39.622
53.84	18.339
53.86	-1.183
53.88	12.098
53.9	32.638
53.92	14.513
53.94	-6.639
53.96	-2.039
53.98	0.33
54	-0.879
54.02	3.402
54.04	1.908
54.06	2.268
54.08	19.461
54.1	24.944
54.12	-5.37
54.14	-15.983
54.16	-5.155
54.18	-20.125
54.2	-35.473
54.22	-13.66
54.24	17.353
54.26	18.375
54.28	-3.496
54.3	-28.992
54.32	-30.085
54.34	-5.72
54.36	4.405
54.38	-7.401
54.4	-3.459
54.42	20.047
54.44	29.693
54.46	14.909
54.48	19.36
54.5	28.124
54.52	22.646
54.54	28.065
54.56	32.62
54.58	13.968
54.6	-5.157
54.62	-9.03
54.64	-13.867
54.66	-27.955
54.68	-37.48
54.7	-31.677
54.72	-16.009
54.74	-9.687
54.76	-11.248
54.78	-3.595
54.8	8.937
54.82	9.01
54.84	-4.567
54.86	-13.832
54.88	-14.865
54.9	-1.128
54.92	23.146
54.94	29.634
54.96	20.704
54.98	18.193
55	15.559
55.02	-13.439
55.04	-26.429
55.06	-14.922
55.08	-24.028
55.1	-36.099
55.12	-33.786
55.14	-26.295
55.16	-14.059
55.18	4.735
55.2	17.428
55.22	17.324
55.24	20.523
55.26	38.113
55.28	42.12
55.3	17.342
55.32	-1.895
55.34	10.737
55.36	25.725
55.38	14.689
55.4	5.386
55.42	9.288
55.44	8.208
55.46	6.721
55.48	9.918
55.5	8.127
55.52	4.297
55.54	3.556
55.56	-7.949
55.58	-15.117
55.6	-5.517
55.62	9.934
55.64	17.026
55.66	-5.325
55.68	-29.459
55.7	-26.414
55.72	-22.253
55.74	-16.093
55.76	-3.138
55.78	-5.624
55.8	-19.599
55.82	-13.889
55.84	-7.915
55.86	-21.815
55.88	-26.838
55.9	-22.801
55.92	-31.201
55.94	-36.518
55.96	-22.167
55.98	5.025
56	31.787
56.02	46.203
56.04	43.452
56.06	31.933
56.08	26.811
56.1	14.694
56.12	6.942
56.14	10.225
56.16	13.872
56.18	22.528
56.2	2.33
56.22	-26.149
56.24	-13.594
56.26	-5.915
56.28	-24.567
56.3	-31.345
56.32	-15.039
56.34	-3.025
56.36	-4.246
56.38	8.144
56.4	35.563
56.42	42.375
56.44	11.592
56.46	-16.762
56.48	-17.913
56.5	-13.788
56.52	-18.279
56.54	-24.183
56.56	-21.936
56.58	1.135
56.6	26.448
56.62	31.361
56.64	20.666
56.66	-8.978
56.68	-23.003
56.7	-13.307
56.72	-12.622
56.74	-26.283
56.76	-21.346
56.78	-12.946
56.8	-19.79
56.82	-19.764
56.84	-1.896
56.86	18.511
56.88	30.144
56.9	34.852
56.92	21.382
56.94	12.054
56.96	-0.896
56.98	-13.627
57	-2.569
57.02	14.598
57.04	21.214
57.06	17.638
57.08	4.247
57.1	0.288
57.12	7.202
57.14	8.236
57.16	-1.208
57.18	-11.63
57.2	-7.36
57.22	1.652
57.24	-3.348
57.26	-12.518
57.28	-15.693
57.3	-15.908
57.32	-13.793
57.34	0.988
57.36	21.245
57.38	16.383
57.4	-7.466
57.42	-11.384
57.44	14.385
57.46	30.581
57.48	19.829
57.5	10.778
57.52	18.845
57.54	24.003
57.56	13.516
57.58	-1.394
57.6	-14.703
57.62	-14.739
57.64	-14.85
57.66	-15.05
57.68	-6.331
57.7	-2.208
57.72	-2.849
57.74	-3.832
57.76	-2.235
57.78	1.974
57.8	-2.614
57.82	-18.551
57.84	-12.248
57.86	10.865
57.88	6.795
57.9	-9.201
57.92	-6.519
57.94	-0.797
57.96	-13.076
57.98	-34.588
58	-35.441
58.02	-15.526
58.04	-2.797
58.06	3.199
58.08	15.39
58.1	22.471
58.12	21.494
58.14	22.699
58.16	28.428
58.18	34.79
58.2	33.454
58.22	18.709
58.24	6.671
58.26	4.324
58.28	-6
58.3	-27.159
58.32	-38.059
58.34	-22.576
58.36	-7.371
58.38	-12.826
58.4	-5.487
58.42	12.087
58.44	14.282
58.46	0.007
58.48	-16.274
58.5	-18.036
58.52	-12.03
58.54	-15.081
58.56	-7.728
58.58	16.997
58.6	22.113
58.62	5.238
58.64	-2.468
58.66	3.245
58.68	3.851
58.7	-2.14
58.72	1.226
58.74	9.915
58.76	12.974
58.78	10.52
58.8	8.574
58.82	15.949
58.84	18.113
58.86	13.209
58.88	16.75
58.9	17.431
58.92	2.305
58.94	-6.701
58.96	-3.487
58.98	-1.324
59	-14.968
59.02	-32.427
59.04	-31.612
59.06	-13.852
59.08	-3.264
59.1	-2.954
59.12	4.099
59.14	11.492
59.16	11.667
59.18	3.439
59.2	-15.799
59.22	-28.719
59.24	-13.694
59.26	0.563
59.28	-2.946
59.3	1.916
59.32	11.156
59.34	9.221
59.36	-7.661
59.38	-25.832
59.4	-31.246
59.42	-20.556
59.44	2.335
59.46	9.806
59.48	12.476
59.5	25.657
59.52	25.927
59.54	3.781
59.56	-10.315
59.58	0.014
59.6	15.845
59.62	5.665
59.64	-14.931
59.66	-15.305
59.68	-4.224
59.7	1.894
59.72	0.74
59.74	4.372
59.76	13.147
59.78	17.507
59.8	12.07
59.82	-1.358
59.84	-7.653
59.86	-2.626
59.88	3.086
59.9	3.443
59.92	-2.199
59.94	-10.066
59.96	-4.764
59.98	11.259
60	15.92
60.02	12.593
60.04	9.979
60.06	7.909
60.08	1.903
60.1	-3.834
60.12	-6.472
60.14	-22.231
60.16	-27.637
60.18	-12.693
60.2	-7.342
60.22	1.381
60.24	20.653
60.26	27.769
60.28	16.832
60.3	-4.765
60.32	-11.975
60.34	-5.664
60.36	-6.751
60.38	-5.359
60.4	5.585
60.42	15.063
60.44	15.99
60.46	1.079
60.48	-9.419
60.5	-1.295
60.52	3.871
60.54	8.599
60.56	16.594
60.58	8.937
60.6	-6.725
60.62	-5.599
60.64	2.404
60.66	-3.265
60.68	-9.902
60.7	2.24
60.72	11.767
60.74	2.506
60.76	-6.119
60.78	-3.744
60.8	5.641
60.82	12.617
60.84	7.665
60.86	2.026
60.88	9.235
60.9	18.964
60.92	11.081
60.94	0.945
60.96	-1.744
60.98	-3.179
61	-0.992
61.02	0.761
61.04	-1.448
61.06	-9.703
61.08	-9.486
61.1	12.038
61.12	25.007
61.14	0.444
61.16	-17.981
61.18	-9.153
61.2	-2.993
61.22	-3.302
61.24	-0.629
61.26	10.316
61.28	21.914
61.3	14.067
61.32	-4.611
61.34	-10.213
61.36	-15.387
61.38	-19.618
61.4	-18.83
61.42	-17.8
61.44	-10.403
61.46	-15.082
61.48	-22.895
61.5	-8.009
61.52	6.462
61.54	9.766
61.56	11.075
61.58	10.974
61.6	16.302
61.62	16.615
61.64	5.694
61.66	4.651
61.68	12.993
61.7	15.882
61.72	6.979
61.74	-1.082
61.76	1.904
61.78	6.61
61.8	6.112
61.82	2.701
61.84	0.491
61.86	-7.468
61.88	-22.797
61.9	-29.084
61.92	-19.62
61.94	-3.922
61.96	2.871
61.98	-2.351
62	-0.027
62.02	8.914
62.04	13.373
62.06	2.982
62.08	-4.677
62.1	3.179
62.12	8.43
62.14	2.717
62.16	-6.87
62.18	-11.925
62.2	-9.349
62.22	-1.647
62.24	2.88
62.26	-1.469
62.28	-0.97
62.3	4.145
62.32	-2.727
62.34	-9.441
62.36	-6.069
62.38	-3.776
62.4	-6.791
62.42	-10.5
62.44	-11.066
62.46	-7.5
62.48	-4.333
62.5	-2.55
62.52	-5.14
62.54	-6.139
62.56	4.612
62.58	7.343
62.6	0.322
62.62	3.66
62.64	15.816
62.66	15.955
62.68	2.893
62.7	-3.808
62.72	-4.159
62.74	1.966
62.76	13.037
62.78	9.543
62.8	-3.176
62.82	-3.669
62.84	-3.137
62.86	-5.817
62.88	-0.932
62.9	6.938
62.92	1.192
62.94	-11.787
62.96	-8.038
62.98	3.368
63	5.187
63.02	8.65
63.04	7.38
63.06	-3.006
63.08	-8.411
63.1	-9.491
63.12	-6.492
63.14	-2.171
63.16	-2.917
63.18	-4.251
63.2	-0.899
63.22	-0.14
63.24	-1.792
63.26	0.231
63.28	2.169
63.3	0.676
63.32	-2.402
63.34	-4.858
63.36	-5.153
63.38	-3.939
63.4	-6.367
63.42	-1.578
63.44	7.636
63.46	3.809
63.48	-2.502
63.5	2.666
63.52	14.633
63.54	18.49
63.56	6.24
63.58	-1.177
63.6	1.915
63.62	-1.017
63.64	-4.882
63.66	1.816
63.68	12.962
63.7	14.329
63.72	5.593
63.74	-0.238
63.76	-5.674
63.78	-11.885
63.8	-10.156
63.82	-1.6
63.84	-1.228
63.86	-14.937
63.88	-21.49
63.9	-14.085
63.92	-15.945
63.94	-26.682
63.96	-24.337
63.98	-20.506
64	-26.459
64.02	-23.752
64.04	-10.522
64.06	-5.199
64.08	-3.551
64.1	4.673
64.12	10.641
64.14	12.108
64.16	6.437
64.18	13.466
64.2	24.811
64.22	21.152
64.24	19.226
64.26	14.696
64.28	3.038
64.3	4.205
64.32	10.776
64.34	5.777
64.36	-0.402
64.38	3.649
64.4	8.06
64.42	-4.279
64.44	-10.027
64.46	-6.988
64.48	-10.784
64.5	-16.927
64.52	-21.048
64.54	-17.643
64.56	-7.869
64.58	-1.676
64.6	1.162
64.62	9.397
64.64	13.98
64.66	12.323
64.68	9.438
64.7	14.488
64.72	23.037
64.74	20.8
64.76	8.815
64.78	5.587
64.8	0.812
64.82	-9.096
64.84	-6.582
64.86	-2.269
64.88	5.164
64.9	13.051
64.92	2.912
64.94	-6.452
64.96	-1.092
64.98	0.153
65	-6.139
65.02	-8.257
65.04	-1.932
65.06	-2.203
65.08	-4.316
65.1	0.223
65.12	1.898
65.14	-1.29
65.16	-9.554
65.18	-15.839
65.2	-11.365
65.22	-6.502
65.24	-6.806
65.26	-5.167
65.28	-3.96
65.3	-7.778
65.32	-6.451
65.34	4.806
65.36	8.393
65.38	4.597
65.4	5.356
65.42	8.034
65.44	3.985
65.46	-3.659
65.48	-4.846
65.5	-1.555
65.52	3.448
65.54	4.858
65.56	3.265
65.58	7.57
65.6	9.373
65.62	0.971
65.64	1.454
65.66	6.98
65.68	1.868
65.7	-6.86
65.72	-5.294
65.74	1.082
65.76	2.572
65.78	2.764
65.8	7.472
65.82	10.446
65.84	4.407
65.86	-2.282
65.88	-3.309
65.9	-1.489
65.92	-2.725
65.94	-5.374
65.96	-6.562
65.98	-6.525
66	-4.063
66.02	-5.2
66.04	-13.27
66.06	-11.437
66.08	3.386
66.1	15.441
66.12	12.993
66.14	-0.453
66.16	-3.659
66.18	0.737
66.2	-2.475
66.22	-2.741
66.24	6.07
66.26	10.574
66.28	2.157
66.3	-9.855
66.32	-19.356
66.34	-20.057
66.36	-3.208
66.38	8.412
66.4	6.847
66.42	2.979
66.44	3.042
66.46	5.769
66.48	5.045
66.5	4.896
66.52	8.001
66.54	-1.912
66.56	-0.85
66.58	8.025
66.6	4.263
66.62	-0.19
66.64	-2.395
66.66	-1.003
66.68	-7.56
66.7	-17.578
66.72	-19.848
66.74	-8.959
66.76	-3.238
66.78	-11.323
66.8	-9.162
66.82	8.365
66.84	12.145
66.86	0.546
66.88	-2.69
66.9	0.513
66.92	2.482
66.94	-2.107
66.96	-5.201
66.98	2.028
67	-0.604
67.02	-13.119
67.04	-13.939
67.06	-5.304
67.08	-1.239
67.1	-3.732
67.12	-0.085
67.14	12.429
67.16	3.128
67.18	-5.581
67.2	5.299
67.22	10.918
67.24	7.246
67.26	0.402
67.28	8.946
67.3	22.091
67.32	13.76
67.34	1.778
67.36	5.066
67.38	12.147
67.4	11.73
67.42	3.551
67.44	4.143
67.46	9.667
67.48	8.299
67.5	8.496
67.52	10.44
67.54	7.161
67.56	-2.311
67.58	-5.268
67.6	-9.977
67.62	-16.941
67.64	-13.156
67.66	-10.488
67.68	-9.618
67.7	-0.773
67.72	6.687
67.74	11.723
67.76	16.004
67.78	9.515
67.8	-0.574
67.82	-8.318
67.84	-10.815
67.86	-6.9
67.88	-6.239
67.9	-10.038
67.92	-9.824
67.94	-0.555
67.96	5.323
67.98	0.971
68	-2.228
68.02	-5.227
68.04	-7.251
68.06	-5.607
68.08	-3.748
68.1	-1.713
68.12	-1.122
68.14	-9.346
68.16	-18.321
68.18	-18.527
68.2	-16.497
68.22	-11.194
68.24	4.706
68.26	14.933
68.28	8.905
68.3	-1.188
68.32	4.674
68.34	20.244
68.36	24.589
68.38	22.437
68.4	9.104
68.42	-0.964
68.44	1.427
68.46	4.333
68.48	2.056
68.5	-0.66
68.52	-1.043
68.54	-2.11
68.56	-2.469
68.58	-6.458
68.6	-8.139
68.62	-7.41
68.64	-9.818
68.66	-10.931
68.68	-6.165
68.7	-0.981
68.72	1.924
68.74	5.311
68.76	7.611
68.78	2.747
68.8	-7.233
68.82	-9.925
68.84	-7.146
68.86	-2.087
68.88	6.221
68.9	10.469
68.92	6.956
68.94	3.188
68.96	1.067
68.98	-3.405
69	-3.122
69.02	-0.762
69.04	-2.737
69.06	-2.772
69.08	-0.207
69.1	7.461
69.12	14.861
69.14	16.383
69.16	9.098
69.18	2.336
69.2	2.403
69.22	-6.316
69.24	-16.354
69.26	-15.109
69.28	-5.128
69.3	6.092
69.32	1.985
69.34	-8.396
69.36	-4.463
69.38	3.413
69.4	7.038
69.42	12.268
69.44	12.761
69.46	8.756
69.48	10.228
69.5	10.926
69.52	3.512
69.54	0.347
69.56	3.945
69.58	4.867
69.6	-1.827
69.62	-10.406
69.64	-12.333
69.66	-9.833
69.68	-6.383
69.7	2.705
69.72	11.174
69.74	9.42
69.76	-3.809
69.78	-5.963
69.8	2.25
69.82	-1.861
69.84	-12.163
69.86	-13.419
69.88	-10.661
69.9	-9.419
69.92	-8.187
69.94	-2.835
69.96	9.839
69.98	17.835
70	17.236
70.02	7.988
70.04	2.084
70.06	4.905
70.08	2.152
70.1	-5.935
70.12	-10.035
70.14	-6.694
70.16	3.895
70.18	9.711
70.2	11.123
70.22	17.2
70.24	21.554
70.26	10.09
70.28	-5.035
70.3	-6.662
70.32	-2.501
70.34	0.092
70.36	2.05
70.38	-1.988
70.4	-14.128
70.42	-12.945
70.44	3.744
70.46	6.611
70.48	-0.634
70.5	-2.454
70.52	-9.278
70.54	-13.696
70.56	-10.89
70.58	-10.522
70.6	-10.75
70.62	-4.248
70.64	6.66
70.66	9.682
70.68	5.388
70.7	6.202
70.72	9.4
70.74	12.914
70.76	17.27
70.78	13.097
70.8	0.219
70.82	-5.209
70.84	-3.224
70.86	0.243
70.88	-1.703
70.9	-5.085
70.92	0.527
70.94	4.982
70.96	0.125
70.98	-4.276
71	-3.176
71.02	-7.855
71.04	-18.017
71.06	-19.644
71.08	-14.831
71.1	-9.725
71.12	-6.819
71.14	-6.397
71.16	-4.945
71.18	1.432
71.2	10.278
71.22	12.444
71.24	7.29
71.26	5.993
71.28	10.062
71.3	12.289
71.32	8.547
71.34	6.689
71.36	12.896
71.38	19.94
71.4	19.563
71.42	11.305
71.44	6.106
71.46	5.113
71.48	-2.771
71.5	-8.841
71.52	-7.181
71.54	-4.565
71.56	-2.933
71.58	-1.639
71.6	-0.501
71.62	0.641
71.64	1.249
71.66	1.385
71.68	1.31
71.7	-1.803
71.72	-7.733
71.74	-14.013
71.76	-18.698
71.78	-18.838
71.8	-15.5
71.82	-13.643
71.84	-6.371
71.86	7.301
71.88	7.857
71.9	1.723
71.92	2.732
71.94	5.094
71.96	4.793
71.98	4.728
72	8.163
72.02	12.989
72.04	10.781
72.06	-0.718
72.08	-7.062
72.1	-2.399
72.12	1.329
72.14	-3.931
72.16	-7.673
72.18	-2.688
72.2	-1.01
72.22	-3.546
72.24	-0.45
72.26	5.338
72.28	6.018
72.3	-0.719
72.32	-8.165
72.34	-10.985
72.36	-7.412
72.38	2.834
72.4	6.668
72.42	-0.909
72.44	-6.56
72.46	-9.842
72.48	-11.215
72.5	-5.86
72.52	0.066
72.54	7.33
72.56	19.034
72.58	19.698
72.6	7.153
72.62	-0.699
72.64	-1.265
72.66	1.531
72.68	5.289
72.7	-0.314
72.72	-6.428
72.74	-3.424
72.76	1.135
72.78	0.54
72.8	-2.76
72.82	-5.746
72.84	-8.682
72.86	-8.546
72.88	1.344
72.9	8.576
72.92	7.167
72.94	11.164
72.96	14.376
72.98	12.789
73	13.781
73.02	15.115
73.04	15.602
73.06	12.856
73.08	2.148
73.1	-3.515
73.12	-1.967
73.14	-2.814
73.16	-8.219
73.18	-14.849
73.2	-14.876
73.22	-11.921
73.24	-10.028
73.26	-7.333
73.28	-6.259
73.3	-5.934
73.32	1.117
73.34	7.839
73.36	2.459
73.38	-3.787
73.4	-2.242
73.42	-0.684
73.44	-5.764
73.46	-8.655
73.48	-7.909
73.5	-10.067
73.52	-10.257
73.54	-0.483
73.56	3.12
73.58	-4.84
73.6	-7.115
73.62	-2.435
73.64	8.323
73.66	13.911
73.68	13.525
73.7	6.59
73.72	-1.355
73.74	-0.099
73.76	10.035
73.78	17.924
73.8	19.101
73.82	14.402
73.84	9.393
73.86	10.315
73.88	2.282
73.9	-11.8
73.92	-12.704
73.94	-1.269
73.96	5.4
73.98	1.937
74	-8.246
74.02	-8.013
74.04	3.01
74.06	8.453
74.08	1.927
74.1	0.37
74.12	8.623
74.14	8.056
74.16	3.356
74.18	2.664
74.2	1.894
74.22	-1.163
74.24	-6.361
74.26	-8.756
74.28	-7.967
74.3	-6.212
74.32	0.688
74.34	11.266
74.36	7.721
74.38	-5.445
74.4	-7.871
74.42	2.614
74.44	8.352
74.46	5.815
74.48	2.539
74.5	-1.824
74.52	-3.978
74.54	2.06
74.56	12.584
74.58	6.9
74.6	-6.571
74.62	-8.025
74.64	-5.769
74.66	-11.389
74.68	-9.333
74.7	2.62
74.72	6.252
74.74	6.602
74.76	10.894
74.78	12.484
74.8	8.5
74.82	5.817
74.84	9.342
74.86	13.914
74.88	6.043
74.9	-3.895
74.92	-6.992
74.94	-8.424
74.96	-8.878
74.98	-12.472
75	-13.678
75.02	-7.14
75.04	6.595
75.06	13.057
75.08	9.605
75.1	7.174
75.12	1.27
75.14	-3.847
75.16	-4.57
75.18	-5.048
75.2	-8.745
75.22	-12.044
75.24	-5.747
75.26	-0.383
75.28	-3.113
75.3	-7.76
75.32	-6.603
75.34	-2.008
75.36	-0.382
75.38	0.261
75.4	-1.356
75.42	-9.112
75.44	-12.073
75.46	-3.506
75.48	3.24
75.5	4.852
75.52	7.123
75.54	7.181
75.56	6.88
75.58	10.113
75.6	8.591
75.62	2.472
75.64	1.7
75.66	5.319
75.68	6.099
75.7	0.832
75.72	-3.755
75.74	-4.38
75.76	-4.096
75.78	0.596
75.8	5.114
75.82	4.59
75.84	-1.748
75.86	-5.714
75.88	-3.728
75.9	-3.298
75.92	-7.883
75.94	-10.313
75.96	-5.888
75.98	1.967
76	2.236
76.02	-2.353
76.04	-5.617
76.06	-8.105
76.08	-5.607
76.1	-3.726
76.12	-5.035
76.14	-3.254
76.16	-1.884
76.18	-9.083
76.2	-11.841
76.22	-6.1
76.24	-3.23
76.26	-2.97
76.28	-2.142
76.3	-1.446
76.32	-4.395
76.34	-8.361
76.36	-6.78
76.38	-2.484
76.4	1.227
76.42	4.118
76.44	4.456
76.46	0.582
76.48	-6.787
76.5	-9.905
76.52	-8.109
76.54	-8.406
76.56	-11.388
76.58	-12.626
76.6	-7.826
76.62	3.871
76.64	11.968
76.66	10.193
76.68	4.673
76.7	5.44
76.72	9.422
76.74	9.873
76.76	0.018
76.78	-6.487
76.8	-0.398
76.82	3.084
76.84	3.625
76.86	9.526
76.88	12.287
76.9	10.417
76.92	10.912
76.94	9.971
76.96	2.326
76.98	-9.309
77	-17.418
77.02	-20.433
77.04	-11.8
77.06	4.187
77.08	7.844
77.1	6.519
77.12	9.936
77.14	11.92
77.16	3.141
77.18	-5.456
77.2	-4.584
77.22	-2.511
77.24	-6.278
77.26	-12.757
77.28	-7.938
77.3	5.673
77.32	12.982
77.34	13.672
77.36	10.092
77.38	5.633
77.4	5.629
77.42	8.76
77.44	5.378
77.46	-1.793
77.48	-3.378
77.5	-2.02
77.52	-5.25
77.54	-11.307
77.56	-14.198
77.58	-14.64
77.6	-14.555
77.62	-12.772
77.64	-9.352
77.66	-6.625
77.68	-5.709
77.7	-2.736
77.72	0.835
77.74	1.71
77.76	5.993
77.78	13.719
77.8	13.539
77.82	4.68
77.84	-6.361
77.86	-13.53
77.88	-12.895
77.9	-8.706
77.92	-6.789
77.94	-10.12
77.96	-12.847
77.98	-7.152
78	-0.29
78.02	2.981
78.04	8.461
78.06	12.033
78.08	8.558
78.1	7.165
78.12	9.752
78.14	11.309
78.16	8.887
78.18	6.661
78.2	9.379
78.22	10.871
78.24	6.806
78.26	2.019
78.28	-2.074
78.3	-5.495
78.32	-7.452
78.34	-5.261
78.36	2.001
78.38	3.248
78.4	-7.018
78.42	-11.774
78.44	-9.893
78.46	-10.571
78.48	-11.989
78.5	-10.96
78.52	-8.499
78.54	-9.148
78.56	-8.735
78.58	-5.371
78.6	1.519
78.62	10.19
78.64	12.855
78.66	11.244
78.68	10.067
78.7	9.597
78.72	8.56
78.74	8.36
78.76	10.21
78.78	11.894
78.8	13.544
78.82	10.807
78.84	0.333
78.86	-3.596
78.88	-1.209
78.9	-0.991
78.92	-1.938
78.94	-2.491
78.96	-0.794
78.98	0.742
79	3.454
79.02	7.47
79.04	9.244
79.06	6.625
79.08	0.801
79.1	-1.553
79.12	1.327
79.14	7.22
79.16	10.985
79.18	4.992
79.2	-3.664
79.22	-3.921
79.24	1.659
79.26	8.676
79.28	7.715
79.3	-2.014
79.32	-9.232
79.34	-14.303
79.36	-14.997
79.38	-10.593
79.4	-1.375
79.42	2.2
79.44	-2.015
79.46	0.266
79.48	6.564
79.5	4.585
79.52	-4.167
79.54	-6.059
79.56	-4.364
79.58	-6.702
79.6	-7.012
79.62	-3.64
79.64	-1.961
79.66	-2.757
79.68	-3.018
79.7	0.728
79.72	4.398
79.74	2.977
79.76	1.275
79.78	1.654
79.8	1.348
79.82	-0.019
79.84	-1.888
79.86	-3.516
79.88	-3.98
79.9	-5.431
79.92	-5.549
79.94	-2.576
79.96	-3.73
79.98	-6.733
80	0.138
80.02	11.56
80.04	14.065
80.06	9.18
80.08	3.814
80.1	3.409
80.12	6.222
80.14	7.873
80.16	4.856
80.18	2.283
80.2	1.987
80.22	0.889
80.24	0.485
80.26	3.267
80.28	0.335
80.3	-6.106
80.32	-2.33
80.34	3.521
80.36	4.207
80.38	2.539
80.4	2.447
80.42	4.511
80.44	5.756
80.46	4.435
80.48	-0.132
80.5	-6.58
80.52	-9.362
80.54	-7.754
80.56	-5.311
80.58	-9.578
80.6	-13.296
80.62	-6.384
80.64	0.021
80.66	-1.425
80.68	-1.772
80.7	5.476
80.72	11.696
80.74	13.244
80.76	10.549
80.78	2.662
80.8	-1.098
80.82	1.034
80.84	0.368
80.86	-3.877
80.88	-5.787
80.9	-4.946
80.92	-2.466
80.94	-0.39
80.96	-1.929
80.98	-3.225
81	-4.252
81.02	-4.753
81.04	-2.019
81.06	-0.329
81.08	-5.434
81.1	-8.309
81.12	-6.374
81.14	-3.381
81.16	-3.004
81.18	-4.872
81.2	-1.633
81.22	-0.346
81.24	-4.876
81.26	-5.301
81.28	-1.637
81.3	2.523
81.32	4.734
81.34	3.254
81.36	1.208
81.38	2.893
81.4	7.002
81.42	9.102
81.44	9.757
81.46	9.701
81.48	8.821
81.5	3.329
81.52	-3.111
81.54	-1.872
81.56	1.867
81.58	0.749
81.6	0.349
81.62	0.502
81.64	-2.064
81.66	-1.503
81.68	1.134
81.7	3.15
81.72	4.789
81.74	4.682
81.76	0.435
81.78	-3.69
81.8	-3.593
81.82	-0.561
81.84	2.54
81.86	4.206
81.88	-1.011
81.9	-7.968
81.92	-10.578
81.94	-12.593
81.96	-11.742
81.98	-8.763
82	-6.055
82.02	-4.288
82.04	-4.086
82.06	-3.476
82.08	-2.035
82.1	3.369
82.12	7.605
82.14	4.261
82.16	0.595
82.18	3.173
82.2	7.378
82.22	6.378
82.24	2.014
82.26	2.245
82.28	5.209
82.3	3.991
82.32	-0.644
82.34	-0.641
82.36	2.124
82.38	4.484
82.4	3.494
82.42	1.612
82.44	4.108
82.46	5.389
82.48	3.862
82.5	1.988
82.52	0.682
82.54	-0.14
82.56	-4.603
82.58	-7.42
82.6	-4.336
82.62	0.005
82.64	2.728
82.66	4.17
82.68	5.681
82.7	8.249
82.72	7.807
82.74	2.416
82.76	-4.699
82.78	-6.796
82.8	-3.314
82.82	-6.612
82.84	-11.591
82.86	-9.786
82.88	-6.508
82.9	-4.124
82.92	-5.17
82.94	-6.86
82.96	-5.353
82.98	-4.198
83	-2.816
83.02	-3.335
83.04	-5.673
83.06	-1.886
83.08	3.518
83.1	6.695
83.12	13.426
83.14	16.73
83.16	6.289
83.18	1.068
83.2	5.571
83.22	5.101
83.24	-1.22
83.26	-4.563
83.28	0.554
83.3	4.632
83.32	4.174
83.34	3.838
83.36	3.96
83.38	2.415
83.4	1.895
83.42	0.613
83.44	-2.155
83.46	-1.965
83.48	-1.822
83.5	0.809
83.52	7.087
83.54	9.993
83.56	5.724
83.58	0.161
83.6	-2.287
83.62	-1.895
83.64	0.973
83.66	2.789
83.68	0.201
83.7	-5.1
83.72	-5.317
83.74	-2.128
83.76	0.436
83.78	3.156
83.8	4.265
83.82	1.028
83.84	-0.128
83.86	1.88
83.88	3.112
83.9	3.133
83.92	1.041
83.94	-1.383
83.96	-3.003
83.98	-2.391
84	-0.614
84.02	-1.566
84.04	-2.294
84.06	-0.91
84.08	-0.983
84.1	-2.296
84.12	-1.524
84.14	0.95
84.16	0.292
84.18	-4.685
84.2	-7.369
84.22	-4.481
84.24	1.408
84.26	5.247
84.28	5.791
84.3	5.358
84.32	1.373
84.34	-1.146
84.36	-0.83
84.38	-0.849
84.4	-3.515
84.42	-5.285
84.44	-3.828
84.46	-2.141
84.48	-2.862
84.5	-4.363
84.52	-4.593
84.54	-5.23
84.56	-5.446
84.58	-4.142
84.6	-0.86
84.62	2.922
84.64	4.261
84.66	3.973
84.68	4.45
84.7	5.151
84.72	5.628
84.74	4.594
84.76	1.812
84.78	1.212
84.8	2.549
84.82	0.63
84.84	-0.046
84.86	3.703
84.88	3.142
84.9	-7.579
84.92	-13.409
84.94	-9.878
84.96	-7.158
84.98	-4.95
85	0.232
85.02	1.69
85.04	0.227
85.06	0.752
85.08	-1.051
85.1	-1.773
85.12	-1.879
85.14	-3.536
85.16	-1.806
85.18	0.818
85.2	0.9
85.22	5.496
85.24	9.361
85.26	7.651
85.28	7.398
85.3	7.337
85.32	5.023
85.34	5.574
85.36	8.781
85.38	7.635
85.4	3.106
85.42	2.008
85.44	1.613
85.46	-0.646
85.48	-3.003
85.5	-4.422
85.52	-6.408
85.54	-7.843
85.56	-6.431
85.58	-4.988
85.6	-5.468
85.62	-4.575
85.64	-0.634
85.66	-0.392
85.68	-3.3
85.7	-3.52
85.72	-0.979
85.74	2.039
85.76	4.053
85.78	1.135
85.8	-6.685
85.82	-8.086
85.84	-5.046
85.86	-4.61
85.88	-2.121
85.9	2.714
85.92	2.747
85.94	-0.194
85.96	-3.455
85.98	-5.646
86	-3.479
86.02	-1.404
86.04	-1.101
86.06	-0.29
86.08	1.26
86.1	0.926
86.12	-1.028
86.14	1.157
86.16	4.382
86.18	2.889
86.2	-0.542
86.22	-1.972
86.24	-0.531
86.26	1.875
86.28	3.309
86.3	3.453
86.32	3.867
86.34	0.487
86.36	-8.133
86.38	-10.032
86.4	-4.195
86.42	-1.233
86.44	-2.873
86.46	-0.814
86.48	5.732
86.5	7.601
86.52	6.573
86.54	4.437
86.56	1.49
86.58	2.248
86.6	3.703
86.62	2.233
86.64	0.157
86.66	1.369
86.68	3.433
86.7	1.044
86.72	-0.932
86.74	1.445
86.76	3.707
86.78	0.893
86.8	-0.013
86.82	2.629
86.84	1.281
86.86	0.608
86.88	2.306
86.9	1.516
86.92	-0.116
86.94	0.003
86.96	2.805
86.98	5.459
87	4.253
87.02	0.479
87.04	-1.87
87.06	-1.807
87.08	-1.266
87.1	-1.429
87.12	-1.872
87.14	-3.079
87.16	-5.542
87.18	-8.109
87.2	-7.219
87.22	-5.287
87.24	-5.103
87.26	-3.94
87.28	-1.706
87.3	-0.287
87.32	-2.738
87.34	-4.413
87.36	-1.227
87.38	1.127
87.4	-1.041
87.42	-3.335
87.44	-4.562
87.46	-4.917
87.48	-3.029
87.5	-1.337
87.52	-2.969
87.54	-4.783
87.56	-1.347
87.58	2.248
87.6	3.457
87.62	4.499
87.64	6.812
87.66	7.084
87.68	2.918
87.7	1.417
87.72	2.385
87.74	2.516
87.76	1.718
87.78	-1.079
87.8	-1.418
87.82	-2.106
87.84	-4.608
87.86	-3.675
87.88	-1.882
87.9	-1.009
87.92	-0.433
87.94	-1.24
87.96	-0.209
87.98	5.197
88	8.963
88.02	4.049
88.04	-1.231
88.06	-0.744
88.08	0.846
88.1	0.442
88.12	-1.08
88.14	-1.262
88.16	1.312
88.18	4.546
88.2	3.989
88.22	-0.243
88.24	-1.228
88.26	0.335
88.28	1.207
88.3	1.942
88.32	2.531
88.34	-0.978
88.36	-5.529
88.38	-4.814
88.4	-2.539
88.42	-3.227
88.44	-6.549
88.46	-9.965
88.48	-8.882
88.5	-2.026
88.52	2.935
88.54	3.993
88.56	1.942
88.58	-0.722
88.6	3.351
88.62	8.717
88.64	5.656
88.66	2.533
88.68	4.915
88.7	6.416
88.72	0.73
88.74	-5.895
88.76	-4.829
88.78	-0.038
88.8	3.204
88.82	4.126
88.84	3.364
88.86	1.001
88.88	-0.061
88.9	1.909
88.92	4.064
88.94	4.645
88.96	4.057
88.98	3.404
89	0.162
89.02	-2.719
89.04	-1.509
89.06	-0.136
89.08	-2.533
89.1	-4.966
89.12	-4.328
89.14	-1.825
89.16	-2.801
89.18	-4.693
89.2	-1.682
89.22	2.285
89.24	4.685
89.26	6.413
89.28	3.655
89.3	1.634
89.32	4.058
89.34	6.347
89.36	4.175
89.38	-0.01
89.4	-0.163
89.42	1.407
89.44	1.427
89.46	1.94
89.48	5.765
89.5	8.625
89.52	1.778
89.54	-3.673
89.56	-1.019
89.58	3.502
89.6	2.858
89.62	-0.041
89.64	1.649
89.66	4.127
89.68	2.73
89.7	-0.648
89.72	-1.836
89.74	0.178
89.76	3.856
89.78	3.094
89.8	-2.731
89.82	-3.851
89.84	-1.243
89.86	-0.629
89.88	-2.593
89.9	-3.997
89.92	-2.491
89.94	-1.429
89.96	-1.578
89.98	0.182
90	3.131
90.02	5.593
90.04	4.409
90.06	2.351
90.08	2.174
90.1	2.809
90.12	-0.352
90.14	-4.082
90.16	-3.961
90.18	-2.742
90.2	-1.153
90.22	-0.274
90.24	-1.702
90.26	-2.919
90.28	0.37
90.3	4.516
90.32	4.648
90.34	3.062
90.36	3.549
90.38	6.106
90.4	8.001
90.42	6.255
90.44	4.102
90.46	4.212
90.48	1.118
90.5	-2.684
90.52	-2.324
90.54	-2.031
90.56	-2.932
90.58	-2.934
90.6	-1.564
90.62	0.533
90.64	0.638
90.66	-2.193
90.68	-4.021
90.7	-3.494
90.72	-2.935
90.74	-2.428
90.76	-3.344
90.78	-4.475
90.8	-2.052
90.82	1.306
90.84	3.231
90.86	-0.1
90.88	-4.02
90.9	-1.889
90.92	2.063
90.94	3.686
90.96	4.063
90.98	4.534
91	4.691
91.02	2.859
91.04	-0.023
91.06	-0.668
91.08	0.186
91.1	0.051
91.12	-4.251
91.14	-6.759
91.16	-5.013
91.18	-3.159
91.2	-2.877
91.22	-4.722
91.24	-4.307
91.26	-1.305
91.28	-0.201
91.3	-0.801
91.32	1.868
91.34	6.584
91.36	5.314
91.38	0.176
91.4	-1.534
91.42	-0.064
91.44	2.798
91.46	2.381
91.48	-2.022
91.5	-3.155
91.52	-1.191
91.54	0.516
91.56	2.252
91.58	-0.201
91.6	-2.141
91.62	-1.293
91.64	-2.382
91.66	-3.413
91.68	-0.537
91.7	2.117
91.72	2.174
91.74	2.462
91.76	2.652
91.78	-0.37
91.8	-3.509
91.82	-2.481
91.84	-0.359
91.86	1.137
91.88	2.589
91.9	2.78
91.92	0.47
91.94	-2.447
91.96	-3.632
91.98	-2.188
92	-0.982
92.02	-1.233
92.04	-0.947
92.06	0.59
92.08	2.515
92.1	2.207
92.12	0.872
92.14	0.612
92.16	0.526
92.18	0.089
92.2	-0.434
92.22	-0.945
92.24	-1.34
92.26	-1.621
92.28	-2.919
92.3	-4.387
92.32	-2.891
92.34	1.894
92.36	2.876
92.38	-0.456
92.4	-0.772
92.42	2.483
92.44	2.463
92.46	-2.164
92.48	-4.318
92.5	-4.059
92.52	-5.353
92.54	-6.39
92.56	-5.655
92.58	-3.801
92.6	0.079
92.62	2.463
92.64	1.406
92.66	0.565
92.68	3.152
92.7	6.353
92.72	5.457
92.74	4.137
92.76	3.774
92.78	0.472
92.8	-1.351
92.82	0.331
92.84	1.302
92.86	0.75
92.88	1.13
92.9	4.958
92.92	3.292
92.94	-2.445
92.96	-3.077
92.98	-1.43
93	0.71
93.02	2.488
93.04	2.661
93.06	2.46
93.08	0.582
93.1	-4.307
93.12	-5.902
93.14	-7.643
93.16	-9.757
93.18	-8.906
93.2	-8.855
93.22	-10.015
93.24	-6.778
93.26	0.794
93.28	4.144
93.3	2.068
93.32	-1.746
93.34	-1.597
93.36	1.696
93.38	3.66
93.4	0.996
93.42	-2.051
93.44	-1.268
93.46	-2.302
93.48	-4.602
93.5	-3.589
93.52	-1.558
93.54	-0.511
93.56	-0.613
93.58	-0.063
93.6	2.264
93.62	2.848
93.64	2.175
93.66	2.113
93.68	1.966
93.7	-1.474
93.72	-5.046
93.74	-3.453
93.76	0.398
93.78	0.796
93.8	-0.964
93.82	-0.457
93.84	0.522
93.86	0.751
93.88	0.415
93.9	1.673
93.92	3.907
93.94	3.761
93.96	1.855
93.98	1.195
94	4.63
94.02	7.918
94.04	6.343
94.06	0.943
94.08	-1.617
94.1	-0.688
94.12	-0.356
94.14	1.449
94.16	3.899
94.18	3.403
94.2	1.013
94.22	0.789
94.24	3.814
94.26	5.507
94.28	1.37
94.3	-0.531
94.32	-1.314
94.34	-4.981
94.36	-6.044
94.38	-5.091
94.4	-4.672
94.42	-5.103
94.44	-3.649
94.46	-2.449
94.48	-3.449
94.5	-3.262
94.52	-1.501
94.54	1.47
94.56	3.012
94.58	3.168
94.6	3.013
94.62	3.91
94.64	-0.032
94.66	-3.374
94.68	-0.166
94.7	1.362
94.72	1.678
94.74	3.5
94.76	4.141
94.78	3.067
94.8	2.117
94.82	1.52
94.84	1.35
94.86	0.323
94.88	-2.198
94.9	-3.606
94.92	-2.763
94.94	-0.89
94.96	1.096
94.98	0.996
95	-2.572
95.02	-4.306
95.04	-3.771
95.06	-4.111
95.08	-3.898
95.1	-2.786
95.12	-1.603
95.14	0.295
95.16	2.812
95.18	-0.537
95.2	-3.094
95.22	0.381
95.24	2.929
95.26	1.668
95.28	0.316
95.3	1.698
95.32	2.15
95.34	-0.014
95.36	-0.021
95.38	3.194
95.4	4.868
95.42	3.387
95.44	1.06
95.46	-0.829
95.48	-1.235
95.5	-0.18
95.52	1.916
95.54	3.703
95.56	1.957
95.58	-1.01
95.6	-3.111
95.62	-3.864
95.64	-3.528
95.66	-2.993
95.68	-2.097
95.7	-1.234
95.72	0.223
95.74	0.567
95.76	-1.171
95.78	-2.383
95.8	-2.407
95.82	-1.269
95.84	0.825
95.86	-0.504
95.88	-3.572
95.9	-3.251
95.92	1.309
95.94	3.641
95.96	1.505
95.98	1.649
96	4.546
96.02	1.68
96.04	-2.703
96.06	-1.194
96.08	2.435
96.1	3.602
96.12	-0.048
96.14	-1.669
96.16	0.022
96.18	0.025
96.2	-1.296
96.22	-2.032
96.24	-0.213
96.26	1.557
96.28	-0.918
96.3	-1.794
96.32	1.491
96.34	2.988
96.36	1.387
96.38	-0.497
96.4	-2.727
96.42	-4.3
96.44	-3.415
96.46	-0.819
96.48	0.714
96.5	0.463
96.52	0.326
96.54	-0.961
96.56	-1.464
96.58	1.56
96.6	4.993
96.62	4.388
96.64	1.866
96.66	0.667
96.68	-0.121
96.7	-0.672
96.72	-1.185
96.74	-1.281
96.76	-2.27
96.78	-2.771
96.8	-2.19
96.82	-1.931
96.84	-2.338
96.86	-1.225
96.88	1.646
96.9	2.865
96.92	2.734
96.94	2.39
96.96	3.432
96.98	5.935
97	6.722
97.02	2.898
97.04	-1.659
97.06	-0.94
97.08	1.052
97.1	1.374
97.12	1.364
97.14	0.789
97.16	1.236
97.18	3.015
97.2	4.524
97.22	2.096
97.24	-3.275
97.26	-7.241
97.28	-7.506
97.3	-6.328
97.32	-5.009
97.34	-1.377
97.36	2.595
97.38	4.718
97.4	2.877
97.42	0.041
97.44	-0.162
97.46	-0.983
97.48	-3.979
97.5	-4.453
97.52	-1.51
97.54	1.028
97.56	2.233
97.58	2.666
97.6	2.749
97.62	2.789
97.64	3.75
97.66	0.865
97.68	-2.568
97.7	-1.305
97.72	2.086
97.74	1.996
97.76	-1.658
97.78	-0.784
97.8	3.593
97.82	5.278
97.84	3.329
97.86	0.72
97.88	-0.594
97.9	-1.034
97.92	-0.624
97.94	-0.332
97.96	-0.44